2.000000000000000096e-04 3.141592590790335615e-04
8.215631262525051326e-03 1.290464788486899925e-02
1.623126252505010039e-02 2.549264904240055446e-02
2.424689378757514946e-02 3.807573581829823417e-02
3.226252505010020200e-02 5.065148129866357124e-02
4.027815631262525453e-02 6.321745856996854873e-02
4.829378757515030013e-02 7.577124071850403764e-02
5.630941883767535266e-02 8.831040083048995182e-02
6.432505010020041214e-02 1.008325119412289000e-01
7.234068136272546468e-02 1.133351472907535296e-01
8.035631262525051721e-02 1.258158798116950916e-01
8.837194388777556975e-02 1.382722826426192042e-01
9.638757515030060841e-02 1.507019288682389380e-01
1.044032064128256609e-01 1.631023915756283915e-01
1.124188376753507135e-01 1.754712438528845952e-01
1.204344689378757660e-01 1.878060587817242388e-01
1.284501002004008186e-01 2.001044094531605755e-01
1.364657314629258711e-01 2.123638689499289800e-01
1.444813627254509236e-01 2.245820103610260132e-01
1.524969939879759762e-01 2.367564067729344413e-01
1.605126252505010287e-01 2.488846312706476382e-01
1.685282565130260812e-01 2.609642569399466816e-01
1.765438877755511338e-01 2.729928568703230973e-01
1.845595190380761863e-01 2.849680041421369103e-01
1.925751503006012111e-01 2.968872718019922585e-01
2.005907815631262636e-01 3.087482330756810001e-01
2.086064128256513162e-01 3.205484609044598754e-01
2.166220440881763687e-01 3.322855284240329721e-01
2.246376753507014212e-01 3.439570087207138305e-01
2.326533066132264738e-01 3.555604748830984985e-01
2.406689378757515263e-01 3.670934999907369822e-01
2.486845691382765788e-01 3.785536571369134129e-01
2.567002004008016036e-01 3.899385194057822246e-01
2.647158316633266284e-01 4.012456598833689658e-01
2.727314629258517087e-01 4.124726516562287615e-01
2.807470941883767335e-01 4.236170678108704402e-01
2.887627254509018138e-01 4.346764814332232385e-01
2.967783567134268385e-01 4.456484656101046271e-01
3.047939879759519188e-01 4.565305934275114552e-01
3.128096192384769436e-01 4.673204379715703571e-01
3.208252505010020239e-01 4.780155723324576722e-01
3.288408817635270487e-01 4.886135695877342755e-01
3.368565130260521290e-01 4.991120028314822710e-01
3.448721442885771538e-01 5.095084451478829601e-01
3.528877755511022341e-01 5.198004696230410504e-01
3.609034068136272588e-01 5.299856493528349866e-01
3.689190380761523391e-01 5.400615573975007244e-01
3.769346693386773639e-01 5.500257668649803922e-01
3.849503006012023887e-01 5.598758508391853406e-01
3.929659318637274690e-01 5.696093824034590414e-01
4.009815631262524938e-01 5.792239346449352677e-01
4.089971943887775740e-01 5.887170806496254682e-01
4.170128256513025988e-01 5.980863935053586378e-01
4.250284569138276791e-01 6.073294462958043205e-01
4.330440881763527039e-01 6.164438121090027867e-01
4.410597194388777842e-01 6.254270640308784435e-01
4.490753507014028090e-01 6.342767751477046412e-01
4.570909819639278893e-01 6.429905185460028649e-01
4.651066132264529140e-01 6.515658673019814051e-01
4.731222444889779943e-01 6.600003945327074240e-01
4.811378757515030191e-01 6.682916732941003302e-01
4.891535070140280994e-01 6.764372766830423211e-01
4.971691382765531242e-01 6.844347777825364743e-01
5.051847695390782045e-01 6.922817496832724959e-01
5.132004008016032293e-01 6.999757654701918019e-01
5.212160320641282540e-01 7.075143982290922340e-01
5.292316633266532788e-01 7.148952210459904588e-01
5.372472945891784146e-01 7.221158070087561054e-01
5.452629258517034394e-01 7.291737292037737683e-01
5.532785571142284642e-01 7.360665607144464273e-01
5.612941883767534890e-01 7.427918746291990448e-01
5.693098196392786248e-01 7.493472440340745999e-01
5.773254509018036496e-01 7.557302420197894444e-01
5.853410821643286743e-01 7.619384416739526378e-01
5.933567134268536991e-01 7.679694168590182057e-01
6.013723446893788349e-01 7.738207383023448793e-01
6.093879759519038597e-01 7.794899814566987883e-01
6.174036072144288845e-01 7.849747186175211056e-01
6.254192384769539093e-01 7.902725228791279699e-01
6.334348697394790451e-01 7.953809673109379919e-01
6.414505010020040698e-01 8.002976250222387788e-01
6.494661322645290946e-01 8.050200690826717631e-01
6.574817635270541194e-01 8.095458725823151402e-01
6.654973947895791442e-01 8.138726086110824598e-01
6.735130260521042800e-01 8.179978502550627750e-01
6.815286573146293048e-01 8.219191705963835304e-01
6.895442885771543295e-01 8.256341427230750041e-01
6.975599198396793543e-01 8.291403397198747749e-01
7.055755511022044901e-01 8.324353346775876794e-01
7.135911823647295149e-01 8.355167006804850027e-01
7.216068136272545397e-01 8.383820108119469650e-01
7.296224448897795645e-01 8.410288381615073083e-01
7.376380761523047003e-01 8.434547558186623606e-01
7.456537074148297251e-01 8.456573368610308394e-01
7.536693386773547498e-01 8.476341543831217296e-01
7.616849699398797746e-01 8.493827814706078616e-01
7.697006012024047994e-01 8.509007912052949374e-01
7.777162324649299352e-01 8.521857566758767044e-01
7.857318637274549600e-01 8.532352509687038955e-01
7.937474949899799848e-01 8.540468471690606522e-01
8.017631262525050095e-01 8.546181183625857214e-01
8.097787575150301453e-01 8.549466376408717538e-01
8.177943887775551701e-01 8.550299780866212895e-01
8.258100200400801949e-01 8.548657127840547654e-01
8.338256513026052197e-01 8.544514148155547550e-01
8.418412825651303555e-01 8.537846572887269891e-01
8.498569138276553803e-01 8.528630132663237440e-01
8.578725450901804050e-01 8.516840558438879549e-01
8.658881763527054298e-01 8.502453581075651856e-01
8.739038076152305656e-01 8.485444931352533748e-01
8.819194388777555904e-01 8.465790340302931094e-01
8.899350701402806152e-01 8.443465538676570015e-01
8.979507014028056400e-01 8.418446257532457011e-01
9.059663326653306648e-01 8.390708227268510733e-01
9.139819639278558006e-01 8.360227179161151545e-01
9.219975951903808253e-01 8.326978843970145316e-01
9.300132264529058501e-01 8.290938952549281593e-01
9.380288577154308749e-01 8.252083236351119844e-01
9.460444889779560107e-01 8.210387424465747097e-01
9.540601202404810355e-01 8.165827249024494305e-01
9.620757515030060603e-01 8.118378441875151452e-01
9.700913827655310850e-01 8.068016732140242953e-01
9.781070140280562208e-01 8.014717851467663134e-01
9.861226452905812456e-01 7.958457530585951734e-01
9.941382765531062704e-01 7.899211500379974549e-01
1.002153907815631406e+00 7.838844275707224085e-01
1.010169539078156431e+00 7.791189939968784506e-01
1.018185170340681456e+00 7.750357707213358927e-01
1.026200801603206481e+00 7.713849128124858900e-01
1.034216432865731505e+00 7.680581304280685861e-01
1.042232064128256530e+00 7.649913825104633913e-01
1.050247695390781555e+00 7.621415376999932656e-01
1.058263326653306580e+00 7.594772855256000099e-01
1.066278957915831826e+00 7.569747456378983497e-01
1.074294589178356851e+00 7.546150520829870700e-01
1.082310220440881876e+00 7.523829011466265371e-01
1.090325851703406901e+00 7.502656200942151576e-01
1.098341482965931926e+00 7.482525396442588628e-01
1.106357114228456950e+00 7.463345542030973556e-01
1.114372745490981975e+00 7.445038037041935564e-01
1.122388376753507000e+00 7.427534372862975021e-01
1.130404008016032247e+00 7.410774336467371715e-01
1.138419639278557272e+00 7.394704622928667259e-01
1.146435270541082296e+00 7.379277739066570918e-01
1.154450901803607321e+00 7.364451131147700114e-01
1.162466533066132346e+00 7.350186478252328515e-01
1.170482164328657371e+00 7.336449114542638039e-01
1.178497795591182395e+00 7.323207551969347362e-01
1.186513426853707420e+00 7.310433082364560242e-01
1.194529058116232445e+00 7.298099442982550755e-01
1.202544689378757692e+00 7.286182533268424910e-01
1.210560320641282717e+00 7.274660173370394167e-01
1.218575951903807741e+00 7.263511896954996105e-01
1.226591583166332766e+00 7.252718772429872507e-01
1.234607214428857791e+00 7.242263247859940245e-01
1.242622845691382816e+00 7.232129015775633496e-01
1.250638476953907841e+00 7.222300894784010605e-01
1.258654108216432865e+00 7.212764725456726200e-01
1.266669739478958112e+00 7.203507278393321833e-01
1.274685370741483137e+00 7.194516172777628560e-01
1.282701002004008162e+00 7.185779803921558129e-01
1.290716633266533186e+00 7.177287278636704793e-01
1.298732264529058211e+00 7.169028357398181672e-01
1.306747895791583236e+00 7.160993402427602295e-01
1.314763527054108261e+00 7.153173330978560562e-01
1.322779158316633286e+00 7.145559573181623492e-01
1.330794789579158310e+00 7.138144033915808651e-01
1.338810420841683557e+00 7.130919058240768882e-01
1.346826052104208582e+00 7.123877399987857961e-01
1.354841683366733607e+00 7.117012193161359468e-01
1.362857314629258632e+00 7.110316925846285052e-01
1.370872945891783656e+00 7.103785416357667470e-01
1.378888577154308681e+00 7.097411791398634540e-01
1.386904208416833706e+00 7.091190466023704619e-01
1.394919839679358731e+00 7.085116125227060024e-01
1.402935470941883978e+00 7.079183706997094205e-01
1.410951102204409002e+00 7.073388386696604080e-01
1.418966733466934027e+00 7.067725562643677462e-01
1.426982364729459052e+00 7.062190842782238853e-01
1.434997995991984077e+00 7.056780032343189513e-01
1.443013627254509101e+00 7.051489122407574861e-01
1.451029258517034126e+00 7.046314279292570371e-01
1.459044889779559151e+00 7.041251834689120637e-01
1.467060521042084176e+00 7.036298276487324976e-01
1.475076152304609423e+00 7.031450240232021143e-01
1.483091783567134447e+00 7.026704501156587623e-01
1.491107414829659472e+00 7.022057966748060931e-01
1.499123046092184497e+00 7.017507669801102965e-01
1.507138677354709522e+00 7.013050761922281495e-01
1.515154308617234546e+00 7.008684507449697287e-01
1.523169939879759571e+00 7.004406277756197730e-01
1.531185571142284596e+00 7.000213545907177926e-01
1.539201202404809621e+00 6.996103881646605904e-01
1.547216833667334868e+00 6.992074946687143466e-01
1.555232464929859892e+00 6.988124490282321410e-01
1.563248096192384917e+00 6.984250345060610821e-01
1.571263727454909942e+00 6.980450423102878554e-01
1.579279358717434967e+00 6.976722712246263836e-01
1.587294989979959992e+00 6.973065272598875097e-01
1.595310621242485016e+00 6.969476233250995190e-01
1.603326252505010041e+00 6.965953789175923783e-01
1.611341883767535288e+00 6.962496198269337855e-01
1.619357515030060313e+00 6.959101778615257583e-01
1.627373146292585337e+00 6.955768905833247251e-01
1.635388777555110362e+00 6.952496010596553866e-01
1.643404408817635387e+00 6.949281576294273899e-01
1.651420040080160412e+00 6.946124136775132518e-01
1.659435671342685437e+00 6.943022274248739079e-01
1.667451302605210461e+00 6.939974617273301227e-01
1.675466933867735486e+00 6.936979838849399727e-01
1.683482565130260733e+00 6.934036654609218031e-01
1.691498196392785758e+00 6.931143821095611113e-01
1.699513827655310783e+00 6.928300134125653376e-01
1.707529458917835807e+00 6.925504427233827309e-01
1.715545090180360832e+00 6.922755570190209928e-01
1.723560721442885857e+00 6.920052467589372647e-01
1.731576352705410882e+00 6.917394057506019989e-01
1.739591983967935906e+00 6.914779310213624575e-01
1.747607615230461153e+00 6.912207226962558959e-01
1.755623246492986178e+00 6.909676838814436950e-01
1.763638877755511203e+00 6.907187205529656815e-01
1.771654509018036228e+00 6.904737414505209836e-01
1.779670140280561252e+00 6.902326579760129643e-01
1.787685771543086277e+00 6.899953840966007723e-01
1.795701402805611302e+00 6.897618362520242519e-01
1.803717034068136327e+00 6.895319332659793909e-01
1.811732665330661352e+00 6.893055962613326981e-01
1.819748296593186598e+00 6.890827485789822182e-01
1.827763927855711623e+00 6.888633157001762264e-01
1.835779559118236648e+00 6.886472251721194038e-01
1.843795190380761673e+00 6.884344065366998500e-01
1.851810821643286697e+00 6.882247912621827224e-01
1.859826452905811722e+00 6.880183126777271729e-01
1.867842084168336747e+00 6.878149059105869156e-01
1.875857715430861772e+00 6.876145078258654175e-01
1.883873346693387019e+00 6.874170569687045873e-01
1.891888977955912043e+00 6.872224935087881681e-01
1.899904609218437068e+00 6.870307591870550290e-01
1.907920240480962093e+00 6.868417972645164404e-01
1.915935871743487118e+00 6.866555524730777460e-01
1.923951503006012143e+00 6.864719709682766124e-01
1.931967134268537167e+00 6.862910002838471524e-01
1.939982765531062192e+00 6.861125892880250987e-01
1.947998396793587217e+00 6.859366881415233097e-01
1.956014028056112464e+00 6.857632482570913401e-01
1.964029659318637488e+00 6.855922222605996819e-01
1.972045290581162513e+00 6.854235639535628533e-01
1.980060921843687538e+00 6.852572282771082213e-01
1.988076553106212563e+00 6.850931712771610727e-01
1.996092184368737588e+00 6.849313500710160207e-01
2.004107815631262834e+00 6.847717228150614899e-01
2.012123446893787637e+00 6.846142486736900290e-01
2.020139078156312884e+00 6.844588877893167389e-01
2.028154709418837687e+00 6.843056012534687316e-01
2.036170340681362934e+00 6.841543510788994364e-01
2.044185971943887736e+00 6.840051001726838997e-01
2.052201603206412983e+00 6.838578123102534434e-01
2.060217234468938230e+00 6.837124521103354891e-01
2.068232865731463033e+00 6.835689850107571353e-01
2.076248496993988280e+00 6.834273772450808471e-01
2.084264128256513082e+00 6.832875958200365085e-01
2.092279759519038329e+00 6.831496084937188629e-01
2.100295390781563132e+00 6.830133837545225850e-01
2.108311022044088379e+00 6.828788908007789038e-01
2.116326653306613181e+00 6.827460995210750117e-01
2.124342284569138428e+00 6.826149804752248418e-01
2.132357915831663675e+00 6.824855048758639020e-01
2.140373547094188478e+00 6.823576445706494020e-01
2.148389178356713725e+00 6.822313720250395841e-01
2.156404809619238527e+00 6.821066603056304967e-01
2.164420440881763774e+00 6.819834830640281176e-01
2.172436072144288577e+00 6.818618145212386183e-01
2.180451703406813824e+00 6.817416294525552312e-01
2.188467334669338626e+00 6.816229031729225118e-01
2.196482965931863873e+00 6.815056115227615674e-01
2.204498597194389120e+00 6.813897308542420372e-01
2.212514228456913923e+00 6.812752380179774025e-01
2.220529859719439170e+00 6.811621103501368513e-01
2.228545490981963972e+00 6.810503256599499400e-01
2.236561122244489219e+00 6.809398622175992788e-01
2.244576753507014022e+00 6.808306987424772583e-01
2.252592384769539269e+00 6.807228143918032659e-01
2.260608016032064516e+00 6.806161887495835172e-01
2.268623647294589318e+00 6.805108018158986249e-01
2.276639278557114565e+00 6.804066339965170185e-01
2.284654909819639368e+00 6.803036660928138968e-01
2.292670541082164615e+00 6.802018792919872769e-01
2.300686172344689417e+00 6.801012551575645881e-01
2.308701803607214664e+00 6.800017756201851560e-01
2.316717434869739467e+00 6.799034229686519160e-01
2.324733066132264714e+00 6.798061798412438073e-01
2.332748697394789961e+00 6.797100292172748581e-01
2.340764328657314763e+00 6.796149544089015171e-01
2.348779959919840010e+00 6.795209390531574689e-01
2.356795591182364813e+00 6.794279671042207092e-01
2.364811222444890060e+00 6.793360228258952249e-01
2.372826853707414863e+00 6.792450907843071706e-01
2.380842484969940109e+00 6.791551558408033262e-01
2.388858116232464912e+00 6.790662031450496183e-01
2.396873747494990159e+00 6.789782181283210427e-01
2.404889378757515406e+00 6.788911864969757737e-01
2.412905010020040208e+00 6.788050942261095733e-01
2.420920641282565455e+00 6.787199275533846166e-01
2.428936272545090258e+00 6.786356729730252946e-01
2.436951903807615505e+00 6.785523172299773309e-01
2.444967535070140308e+00 6.784698473142261044e-01
2.452983166332665554e+00 6.783882504552648518e-01
2.460998797595190357e+00 6.783075141167134170e-01
2.469014428857715604e+00 6.782276259910799965e-01
2.477030060120240851e+00 6.781485739946613300e-01
2.485045691382765654e+00 6.780703462625773392e-01
2.493061322645290900e+00 6.779929311439372164e-01
2.501076953907815703e+00 6.779163171971318569e-01
2.509092585170340950e+00 6.778404931852485271e-01
2.517108216432865753e+00 6.777654480716062135e-01
2.525123847695390999e+00 6.776911710154024382e-01
2.533139478957916246e+00 6.776176513674788682e-01
2.541155110220441049e+00 6.775448786661877332e-01
2.549170741482966296e+00 6.774728426333703757e-01
2.557186372745491099e+00 6.774015331704323906e-01
2.565202004008016345e+00 6.773309403545242358e-01
2.573217635270541148e+00 6.772610544348123263e-01
2.581233266533066395e+00 6.771918658288466064e-01
2.589248897795591198e+00 6.771233651190193825e-01
2.597264529058116445e+00 6.770555430491105309e-01
2.605280160320641691e+00 6.769883905209208574e-01
2.613295791583166494e+00 6.769218985909850606e-01
2.621311422845691741e+00 6.768560584673701808e-01
2.629327054108216544e+00 6.767908615065465483e-01
2.637342685370741791e+00 6.767262992103421082e-01
2.645358316633266593e+00 6.766623632229643581e-01
2.653373947895791840e+00 6.765990453280993355e-01
2.661389579158316643e+00 6.765363374460763302e-01
2.669405210420841890e+00 6.764742316311049830e-01
2.677420841683367136e+00 6.764127200685738917e-01
2.685436472945891939e+00 6.763517950724184935e-01
2.693452104208417186e+00 6.762914490825474578e-01
2.701467735470941989e+00 6.762316746623319164e-01
2.709483366733467236e+00 6.761724644961526476e-01
2.717498997995992038e+00 6.761138113870076571e-01
2.725514629258517285e+00 6.760557082541714946e-01
2.733530260521042088e+00 6.759981481309124129e-01
2.741545891783567335e+00 6.759411241622608202e-01
2.749561523046092582e+00 6.758846296028311329e-01
2.757577154308617384e+00 6.758286578146904811e-01
2.765592785571142631e+00 6.757732022652799264e-01
2.773608416833667434e+00 6.757182565253815332e-01
2.781624048096192681e+00 6.756638142671319569e-01
2.789639679358717483e+00 6.756098692620801094e-01
2.797655310621242730e+00 6.755564153792918969e-01
2.805670941883767977e+00 6.755034465834922619e-01
2.813686573146292780e+00 6.754509569332559638e-01
2.821702204408818027e+00 6.753989405792319989e-01
2.829717835671342829e+00 6.753473917624124301e-01
2.837733466933868076e+00 6.752963048124380752e-01
2.845749098196392879e+00 6.752456741459396117e-01
2.853764729458918126e+00 6.751954942649194269e-01
2.861780360721442928e+00 6.751457597551662193e-01
2.869795991983968175e+00 6.750964652847036840e-01
2.877811623246493422e+00 6.750476056022769455e-01
2.885827254509018225e+00 6.749991755358668577e-01
2.893842885771543472e+00 6.749511699912392748e-01
2.901858517034068274e+00 6.749035839505268530e-01
2.909874148296593521e+00 6.748564124708386069e-01
2.917889779559118324e+00 6.748096506829012187e-01
2.925905410821643571e+00 6.747632937897275474e-01
2.933921042084168374e+00 6.747173370653165581e-01
2.941936673346693620e+00 6.746717758533773424e-01
2.949952304609218867e+00 6.746266055660831151e-01
2.957967935871743670e+00 6.745818216828493030e-01
2.965983567134268917e+00 6.745374197491385004e-01
2.973999198396793719e+00 6.744933953752901834e-01
2.982014829659318966e+00 6.744497442353752925e-01
2.990030460921843769e+00 6.744064620660735754e-01
2.998046092184369016e+00 6.743635446655754651e-01
3.006061723446893819e+00 6.743209878925058298e-01
3.014077354709419065e+00 6.742787876648695944e-01
3.022092985971944312e+00 6.742369399590211199e-01
3.030108617234469115e+00 6.741954408086517914e-01
3.038124248496994362e+00 6.741542863038003652e-01
3.046139879759519165e+00 6.741134725898824120e-01
3.054155511022044411e+00 6.740729958667401878e-01
3.062171142284569214e+00 6.740328523877106015e-01
3.070186773547094461e+00 6.739930384587138334e-01
3.078202404809619264e+00 6.739535504373580510e-01
3.086218036072144510e+00 6.739143847320636649e-01
3.094233667334669757e+00 6.738755378012042385e-01
3.102249298597194560e+00 6.738370061522657162e-01
3.110264929859719807e+00 6.737987863410191958e-01
3.118280561122244610e+00 6.737608749707157951e-01
3.126296192384769856e+00 6.737232686912897339e-01
3.134311823647294659e+00 6.736859641985848413e-01
3.142327454909819906e+00 6.736489582335905002e-01
3.150343086172345153e+00 6.736122475816956889e-01
3.158358717434869956e+00 6.735758290719553454e-01
3.166374348697395202e+00 6.735396995763731631e-01
3.174389979959920005e+00 6.735038560091974880e-01
3.182405611222445252e+00 6.734682953262288718e-01
3.190421242484970055e+00 6.734330145241443910e-01
3.198436873747495302e+00 6.733980106398330667e-01
3.206452505010020104e+00 6.733632807497421657e-01
3.214468136272545351e+00 6.733288219692405985e-01
3.222483767535070598e+00 6.732946314519896447e-01
3.230499398797595401e+00 6.732607063893286670e-01
3.238515030060120647e+00 6.732270440096719266e-01
3.246530661322645450e+00 6.731936415779147254e-01
3.254546292585170697e+00 6.731604963948537579e-01
3.262561923847695500e+00 6.731276057966162352e-01
3.270577555110220747e+00 6.730949671541006651e-01
3.278593186372745549e+00 6.730625778724272923e-01
3.286608817635270796e+00 6.730304353903985293e-01
3.294624448897796043e+00 6.729985371799724891e-01
3.302640080160320846e+00 6.729668807457397373e-01
3.310655711422846093e+00 6.729354636244181398e-01
3.318671342685370895e+00 6.729042833843490445e-01
3.326686973947896142e+00 6.728733376250078946e-01
3.334702605210420945e+00 6.728426239765216144e-01
3.342718236472946192e+00 6.728121400991954326e-01
3.350733867735470994e+00 6.727818836830474769e-01
3.358749498997996241e+00 6.727518524473536932e-01
3.366765130260521488e+00 6.727220441401979834e-01
3.374780761523046291e+00 6.726924565380342225e-01
3.382796392785571538e+00 6.726630874452516062e-01
3.390812024048096340e+00 6.726339346937528774e-01
3.398827655310621587e+00 6.726049961425355495e-01
3.406843286573146390e+00 6.725762696772831228e-01
3.414858917835671637e+00 6.725477532099632949e-01
3.422874549098196884e+00 6.725194446784324986e-01
3.430890180360721686e+00 6.724913420460476576e-01
3.438905811623246933e+00 6.724634433012859347e-01
3.446921442885771736e+00 6.724357464573693655e-01
3.454937074148296983e+00 6.724082495518968194e-01
3.462952705410821785e+00 6.723809506464829555e-01
3.470968336673347032e+00 6.723538478264031726e-01
3.478983967935871835e+00 6.723269392002437783e-01
3.486999599198397082e+00 6.723002228995599294e-01
3.495015230460922329e+00 6.722736970785376798e-01
3.503030861723447131e+00 6.722473599136630229e-01
3.511046492985972378e+00 6.722212096033967077e-01
3.519062124248497181e+00 6.721952443678544942e-01
3.527077755511022428e+00 6.721694624484912950e-01
3.535093386773547230e+00 6.721438621077926445e-01
3.543109018036072477e+00 6.721184416289727181e-01
3.551124649298597280e+00 6.720931993156717965e-01
3.559140280561122527e+00 6.720681334916658312e-01
3.567155911823647774e+00 6.720432425005773425e-01
3.575171543086172576e+00 6.720185247055896482e-01
3.583187174348697823e+00 6.719939784891694190e-01
3.591202805611222626e+00 6.719696022527922308e-01
3.599218436873747873e+00 6.719453944166722259e-01
3.607234068136272676e+00 6.719213534194969917e-01
3.615249699398797922e+00 6.718974777181657698e-01
3.623265330661322725e+00 6.718737657875352154e-01
3.631280961923847972e+00 6.718502161201643785e-01
3.639296593186373219e+00 6.718268272260689011e-01
3.647312224448898021e+00 6.718035976324738812e-01
3.655327855711423268e+00 6.717805258835777282e-01
3.663343486973948071e+00 6.717576105403124664e-01
3.671359118236473318e+00 6.717348501801132521e-01
3.679374749498998121e+00 6.717122433966903339e-01
3.687390380761523367e+00 6.716897887998021233e-01
3.695406012024048614e+00 6.716674850150365916e-01
3.703421643286573417e+00 6.716453306835915571e-01
3.711437274549098664e+00 6.716233244620618548e-01
3.719452905811623467e+00 6.716014650222280613e-01
3.727468537074148713e+00 6.715797510508505486e-01
3.735484168336673516e+00 6.715581812494638703e-01
3.743499799599198763e+00 6.715367543341762557e-01
3.751515430861723566e+00 6.715154690354743217e-01
3.759531062124248812e+00 6.714943240980254524e-01
3.767546693386774059e+00 6.714733182804895062e-01
3.775562324649298862e+00 6.714524503553288559e-01
3.783577955911824109e+00 6.714317191086228709e-01
3.791593587174348912e+00 6.714111233398882828e-01
3.799609218436874158e+00 6.713906618618957767e-01
3.807624849699398961e+00 6.713703335004966855e-01
3.815640480961924208e+00 6.713501370944471303e-01
3.823656112224449011e+00 6.713300714952378234e-01
3.831671743486974258e+00 6.713101355669248704e-01
3.839687374749499504e+00 6.712903281859644578e-01
3.847703006012024307e+00 6.712706482410494280e-01
3.855718637274549554e+00 6.712510946329478534e-01
3.863734268537074357e+00 6.712316662743460505e-01
3.871749899799599604e+00 6.712123620896905951e-01
3.879765531062124406e+00 6.711931810150372213e-01
3.887781162324649653e+00 6.711741219978981654e-01
3.895796793587174456e+00 6.711551839970929523e-01
3.903812424849699703e+00 6.711363659826038441e-01
3.911828056112224949e+00 6.711176669354290691e-01
3.919843687374749752e+00 6.710990858474422671e-01
3.927859318637274999e+00 6.710806217212523794e-01
3.935874949899799802e+00 6.710622735700646491e-01
3.943890581162325049e+00 6.710440404175455065e-01
3.951906212424849851e+00 6.710259212976901200e-01
3.959921843687375098e+00 6.710079152546877257e-01
3.967937474949900345e+00 6.709900213427946181e-01
3.975953106212425148e+00 6.709722386262043647e-01
3.983968737474950395e+00 6.709545661789233506e-01
3.991984368737475197e+00 6.709370030846451005e-01
4.000000000000000000e+00 6.709195484366298201e-01
