2.000000000000000096e-04 3.496076686614043379e-04
8.215631262525051326e-03 1.436087517395946180e-02
1.623126252505010039e-02 2.837006650692881771e-02
2.424689378757514946e-02 4.237515578598098631e-02
3.226252505010020200e-02 5.637411663497696873e-02
4.027815631262525453e-02 7.036492193844307019e-02
4.829378757515030013e-02 8.434554359703974602e-02
5.630941883767535266e-02 9.831395227706020423e-02
6.432505010020041214e-02 1.122681171187719928e-01
7.234068136272546468e-02 1.262060057382292377e-01
8.035631262525051721e-02 1.401255834642062825e-01
8.837194388777556975e-02 1.540248134958892567e-01
9.638757515030060841e-02 1.679016569157956718e-01
1.044032064128256609e-01 1.817540714331053464e-01
1.124188376753507135e-01 1.955800121756080256e-01
1.204344689378757660e-01 2.093774309015856427e-01
1.284501002004008186e-01 2.231442758372850776e-01
1.364657314629258711e-01 2.368784914099717198e-01
1.444813627254509236e-01 2.505780179762704396e-01
1.524969939879759762e-01 2.642407915410433517e-01
1.605126252505010287e-01 2.778647434789039417e-01
1.685282565130260812e-01 2.914478002475675567e-01
1.765438877755511338e-01 3.049878830968235088e-01
1.845595190380761863e-01 3.184829077721320068e-01
1.925751503006012111e-01 3.319307842132231401e-01
2.005907815631262636e-01 3.453294162446510773e-01
2.086064128256513162e-01 3.586767012625525219e-01
2.166220440881763687e-01 3.719705299126879194e-01
2.246376753507014212e-01 3.852087857616129929e-01
2.326533066132264738e-01 3.983893449606748516e-01
2.406689378757515263e-01 4.115100759008484821e-01
2.486845691382765788e-01 4.245688388477982800e-01
2.567002004008016036e-01 4.375634856404886364e-01
2.647158316633266284e-01 4.504918591956939555e-01
2.727314629258517087e-01 4.633517932495017089e-01
2.807470941883767335e-01 4.761411119009659743e-01
2.887627254509018138e-01 4.888576292213072105e-01
2.967783567134268385e-01 5.014991488356287386e-01
3.047939879759519188e-01 5.140634634921714685e-01
3.128096192384769436e-01 5.265483546217961663e-01
3.208252505010020239e-01 5.389515918719438581e-01
3.288408817635270487e-01 5.512709326471197935e-01
3.368565130260521290e-01 5.635041216052034674e-01
3.448721442885771538e-01 5.756488901585951057e-01
3.528877755511022341e-01 5.877029559464203023e-01
3.609034068136272588e-01 5.996640222916347351e-01
3.689190380761523391e-01 6.115297776363266546e-01
3.769346693386773639e-01 6.232978949539625946e-01
3.849503006012023887e-01 6.349660311426633674e-01
3.929659318637274690e-01 6.465318263900189377e-01
4.009815631262524938e-01 6.579929035129764570e-01
4.089971943887775740e-01 6.693468672744520287e-01
4.170128256513025988e-01 6.805913036627178059e-01
4.250284569138276791e-01 6.917237791465298269e-01
4.330440881763527039e-01 7.027418398919812459e-01
4.410597194388777842e-01 7.136430109541391786e-01
4.490753507014028090e-01 7.244247954406077827e-01
4.570909819639278893e-01 7.350846734914417979e-01
4.651066132264529140e-01 7.456201016044341490e-01
4.731222444889779943e-01 7.560285113933136181e-01
4.811378757515030191e-01 7.663073086780670673e-01
4.891535070140280994e-01 7.764538723855066715e-01
4.971691382765531242e-01 7.864655534026744332e-01
5.051847695390782045e-01 7.963396733774353864e-01
5.132004008016032293e-01 8.060735234517472092e-01
5.212160320641282540e-01 8.156643629276482121e-01
5.292316633266532788e-01 8.251094178527130785e-01
5.372472945891784146e-01 8.344058795340072443e-01
5.452629258517034394e-01 8.435509029509535850e-01
5.532785571142284642e-01 8.525416050866162498e-01
5.612941883767534890e-01 8.613750631496260857e-01
5.693098196392786248e-01 8.700483126842812887e-01
5.773254509018036496e-01 8.785583455680280318e-01
5.853410821643286743e-01 8.869021078696353033e-01
5.933567134268536991e-01 8.950764975681358981e-01
6.013723446893788349e-01 9.030783621177937981e-01
6.093879759519038597e-01 9.109044958465272179e-01
6.174036072144288845e-01 9.185516371594243390e-01
6.254192384769539093e-01 9.260164655509579568e-01
6.334348697394790451e-01 9.332955983864582583e-01
6.414505010020040698e-01 9.403855874362249123e-01
6.494661322645290946e-01 9.472829151707707895e-01
6.574817635270541194e-01 9.539839906863145647e-01
6.654973947895791442e-01 9.604851453641509718e-01
6.735130260521042800e-01 9.667826281672219357e-01
6.815286573146293048e-01 9.728726005126285825e-01
6.895442885771543295e-01 9.787511305766148917e-01
6.975599198396793543e-01 9.844141873319585123e-01
7.055755511022044901e-01 9.898576338175206768e-01
7.135911823647295149e-01 9.950772198060449103e-01
7.216068136272545397e-01 1.000068573783726933e+00
7.296224448897795645e-01 1.004827194142151159e+00
7.376380761523047003e-01 1.009348439301969602e+00
7.456537074148297251e-01 1.013627516864808564e+00
7.536693386773547498e-01 1.017659471645121716e+00
7.616849699398797746e-01 1.021439172065592205e+00
7.697006012024047994e-01 1.024961295114165338e+00
7.777162324649299352e-01 1.028220309384069830e+00
7.857318637274549600e-01 1.031210455888639022e+00
7.937474949899799848e-01 1.033925726319600891e+00
8.017631262525050095e-01 1.036359838298311020e+00
8.097787575150301453e-01 1.038506206987418690e+00
8.177943887775551701e-01 1.040357912459667356e+00
8.258100200400801949e-01 1.041907661709439825e+00
8.338256513026052197e-01 1.043147744796369292e+00
8.418412825651303555e-01 1.044069982756032910e+00
8.498569138276553803e-01 1.044665666423599371e+00
8.578725450901804050e-01 1.044925483256287091e+00
8.658881763527054298e-01 1.044839429198096914e+00
8.739038076152305656e-01 1.044396701518998993e+00
8.819194388777555904e-01 1.043585566724016589e+00
8.899350701402806152e-01 1.042393196155758872e+00
8.979507014028056400e-01 1.040805457665330058e+00
9.059663326653306648e-01 1.038806647868536270e+00
9.139819639278558006e-01 1.036379140995036696e+00
9.219975951903808253e-01 1.033502918141198990e+00
9.300132264529058501e-01 1.030154919483125209e+00
9.380288577154308749e-01 1.026308124433120916e+00
9.460444889779560107e-01 1.021930194757771693e+00
9.540601202404810355e-01 1.016981375561260004e+00
9.620757515030060603e-01 1.011411042771398483e+00
9.700913827655310850e-01 1.005151540950742994e+00
9.781070140280562208e-01 9.981058256938054596e-01
9.861226452905812456e-01 9.901177590421996744e-01
9.941382765531062704e-01 9.808715495567411624e-01
1.002153907815631406e+00 9.696872232322899521e-01
1.010169539078156431e+00 9.613200253725526778e-01
1.018185170340681456e+00 9.545444373283219486e-01
1.026200801603206481e+00 9.486586514366889267e-01
1.034216432865731505e+00 9.433989857594388129e-01
1.042232064128256530e+00 9.386209694585342378e-01
1.050247695390781555e+00 9.342323492910991067e-01
1.058263326653306580e+00 9.301688290904308598e-01
1.066278957915831826e+00 9.263829519396119538e-01
1.074294589178356851e+00 9.228382341428652547e-01
1.082310220440881876e+00 9.195057596143454415e-01
1.090325851703406901e+00 9.163620599806928668e-01
1.098341482965931926e+00 9.133877227885441874e-01
1.106357114228456950e+00 9.105664383987410737e-01
1.114372745490981975e+00 9.078843245652314931e-01
1.122388376753507000e+00 9.053294340182086453e-01
1.130404008016032247e+00 9.028913867748192823e-01
1.138419639278557272e+00 9.005610899111611278e-01
1.146435270541082296e+00 8.983305201823378328e-01
1.154450901803607321e+00 8.961925527666489977e-01
1.162466533066132346e+00 8.941408244993038767e-01
1.170482164328657371e+00 8.921696233203942894e-01
1.178497795591182395e+00 8.902737979408875679e-01
1.186513426853707420e+00 8.884486833080061929e-01
1.194529058116232445e+00 8.866900385634017834e-01
1.202544689378757692e+00 8.849939949858840471e-01
1.210560320641282717e+00 8.833570119920954866e-01
1.218575951903807741e+00 8.817758396984466396e-01
1.226591583166332766e+00 8.802474868694366572e-01
1.234607214428857791e+00 8.787691933213185314e-01
1.242622845691382816e+00 8.773384060366293813e-01
1.250638476953907841e+00 8.759527583895756475e-01
1.258654108216432865e+00 8.746100519948996066e-01
1.266669739478958112e+00 8.733082407816188386e-01
1.274685370741483137e+00 8.720454169638156561e-01
1.282701002004008162e+00 8.708197986343184649e-01
1.290716633266533186e+00 8.696297187605960266e-01
1.298732264529058211e+00 8.684736153859262675e-01
1.306747895791583236e+00 8.673500228795301137e-01
1.314763527054108261e+00 8.662575641022319806e-01
1.322779158316633286e+00 8.651949433697213587e-01
1.330794789579158310e+00 8.641609401169129123e-01
1.338810420841683557e+00 8.631544031791407168e-01
1.346826052104208582e+00 8.621742456179400937e-01
1.354841683366733607e+00 8.612194400290257290e-01
1.362857314629258632e+00 8.602890142784294092e-01
1.370872945891783656e+00 8.593820476198138492e-01
1.378888577154308681e+00 8.584976671519982672e-01
1.386904208416833706e+00 8.576350445808859080e-01
1.394919839679358731e+00 8.567933932543212450e-01
1.402935470941883978e+00 8.559719654422955903e-01
1.410951102204409002e+00 8.551700498381177296e-01
1.418966733466934027e+00 8.543869692589234344e-01
1.426982364729459052e+00 8.536220785265592470e-01
1.434997995991984077e+00 8.528747625117710784e-01
1.443013627254509101e+00 8.521444343266413313e-01
1.451029258517034126e+00 8.514305336518258605e-01
1.459044889779559151e+00 8.507325251864549243e-01
1.467060521042084176e+00 8.500498972100376527e-01
1.475076152304609423e+00 8.493821602465905229e-01
1.483091783567134447e+00 8.487288458223182230e-01
1.491107414829659472e+00 8.480895053090330427e-01
1.499123046092184497e+00 8.474637088461491885e-01
1.507138677354709522e+00 8.468510443349707151e-01
1.515154308617234546e+00 8.462511164994256374e-01
1.523169939879759571e+00 8.456635460079766631e-01
1.531185571142284596e+00 8.450879686519825462e-01
1.539201202404809621e+00 8.445240345761804157e-01
1.547216833667334868e+00 8.439714075573142571e-01
1.555232464929859892e+00 8.434297643273309664e-01
1.563248096192384917e+00 8.428987939378572714e-01
1.571263727454909942e+00 8.423781971629482612e-01
1.579279358717434967e+00 8.418676859373708243e-01
1.587294989979959992e+00 8.413669828278904639e-01
1.595310621242485016e+00 8.408758205352602211e-01
1.603326252505010041e+00 8.403939414247830753e-01
1.611341883767535288e+00 8.399210970834999346e-01
1.619357515030060313e+00 8.394570479022024356e-01
1.627373146292585337e+00 8.390015626815163774e-01
1.635388777555110362e+00 8.385544182550275227e-01
1.643404408817635387e+00 8.381153991420590144e-01
1.651420040080160412e+00 8.376842972091056438e-01
1.659435671342685437e+00 8.372609113571362061e-01
1.667451302605210461e+00 8.368450472179296273e-01
1.675466933867735486e+00 8.364365168727011524e-01
1.683482565130260733e+00 8.360351385818963754e-01
1.691498196392785758e+00 8.356407365294102885e-01
1.699513827655310783e+00 8.352531405796962405e-01
1.707529458917835807e+00 8.348721860469975331e-01
1.715545090180360832e+00 8.344977134759811177e-01
1.723560721442885857e+00 8.341295684331090365e-01
1.731576352705410882e+00 8.337676013081228854e-01
1.739591983967935906e+00 8.334116671250613173e-01
1.747607615230461153e+00 8.330616253622670220e-01
1.755623246492986178e+00 8.327173397808833588e-01
1.763638877755511203e+00 8.323786782613573632e-01
1.771654509018036228e+00 8.320455126475168051e-01
1.779670140280561252e+00 8.317177185977980836e-01
1.787685771543086277e+00 8.313951754432434837e-01
1.795701402805611302e+00 8.310777660519003129e-01
1.803717034068136327e+00 8.307653766992831867e-01
1.811732665330661352e+00 8.304578969445784997e-01
1.819748296593186598e+00 8.301552195122888778e-01
1.827763927855711623e+00 8.298572401790379471e-01
1.835779559118236648e+00 8.295638576652695217e-01
1.843795190380761673e+00 8.292749735315915194e-01
1.851810821643286697e+00 8.289904920795259091e-01
1.859826452905811722e+00 8.287103202564528592e-01
1.867842084168336747e+00 8.284343675645302607e-01
1.875857715430861772e+00 8.281625459733980010e-01
1.883873346693387019e+00 8.278947698364829133e-01
1.891888977955912043e+00 8.276309558107239894e-01
1.899904609218437068e+00 8.273710227795604277e-01
1.907920240480962093e+00 8.271148917790198674e-01
1.915935871743487118e+00 8.268624859267649230e-01
1.923951503006012143e+00 8.266137303539545789e-01
1.931967134268537167e+00 8.263685521397931000e-01
1.939982765531062192e+00 8.261268802486393392e-01
1.947998396793587217e+00 8.258886454695580914e-01
1.956014028056112464e+00 8.256537803582049140e-01
1.964029659318637488e+00 8.254222191809360565e-01
1.972045290581162513e+00 8.251938978610435793e-01
1.980060921843687538e+00 8.249687539270239567e-01
1.988076553106212563e+00 8.247467264627831307e-01
1.996092184368737588e+00 8.245277560597018551e-01
2.004107815631262834e+00 8.243117847704717338e-01
2.012123446893787637e+00 8.240987560646290122e-01
2.020139078156312884e+00 8.238886147857137354e-01
2.028154709418837687e+00 8.236813071099831074e-01
2.036170340681362934e+00 8.234767805066103286e-01
2.044185971943887736e+00 8.232749836993006332e-01
2.052201603206412983e+00 8.230758666293341852e-01
2.060217234468938230e+00 8.228793804197870321e-01
2.068232865731463033e+00 8.226854773411406141e-01
2.076248496993988280e+00 8.224941107780251448e-01
2.084264128256513082e+00 8.223052351971317231e-01
2.092279759519038329e+00 8.221188061162295613e-01
2.100295390781563132e+00 8.219347800742481391e-01
2.108311022044088379e+00 8.217531146023732136e-01
2.116326653306613181e+00 8.215737681961289285e-01
2.124342284569138428e+00 8.213967002883947321e-01
2.132357915831663675e+00 8.212218712233255724e-01
2.140373547094188478e+00 8.210492422311433947e-01
2.148389178356713725e+00 8.208787754037568662e-01
2.156404809619238527e+00 8.207104336711902315e-01
2.164420440881763774e+00 8.205441807787748898e-01
2.172436072144288577e+00 8.203799812650879320e-01
2.180451703406813824e+00 8.202178004406019962e-01
2.188467334669338626e+00 8.200576043670227966e-01
2.196482965931863873e+00 8.198993598372834590e-01
2.204498597194389120e+00 8.197430343561794563e-01
2.212514228456913923e+00 8.195885961216125004e-01
2.220529859719439170e+00 8.194360140064260722e-01
2.228545490981963972e+00 8.192852575408073879e-01
2.236561122244489219e+00 8.191362968952384804e-01
2.244576753507014022e+00 8.189891028639723070e-01
2.252592384769539269e+00 8.188436468490201126e-01
2.260608016032064516e+00 8.186999008446264048e-01
2.268623647294589318e+00 8.185578374222192144e-01
2.276639278557114565e+00 8.184174297158116618e-01
2.284654909819639368e+00 8.182786514078503881e-01
2.292670541082164615e+00 8.181414767154813195e-01
2.300686172344689417e+00 8.180058803772297660e-01
2.308701803607214664e+00 8.178718376400728740e-01
2.316717434869739467e+00 8.177393242468945500e-01
2.324733066132264714e+00 8.176083164243114210e-01
2.332748697394789961e+00 8.174787908708494033e-01
2.340764328657314763e+00 8.173507247454694369e-01
2.348779959919840010e+00 8.172240956564216230e-01
2.356795591182364813e+00 8.170988816504216601e-01
2.364811222444890060e+00 8.169750612021384750e-01
2.372826853707414863e+00 8.168526132039808374e-01
2.380842484969940109e+00 8.167315169561708554e-01
2.388858116232464912e+00 8.166117521571044646e-01
2.396873747494990159e+00 8.164932988939765934e-01
2.404889378757515406e+00 8.163761376336721165e-01
2.412905010020040208e+00 8.162602492139090504e-01
2.420920641282565455e+00 8.161456148346288852e-01
2.428936272545090258e+00 8.160322160496207289e-01
2.436951903807615505e+00 8.159200347583814850e-01
2.444967535070140308e+00 8.158090531981917470e-01
2.452983166332665554e+00 8.156992539364129602e-01
2.460998797595190357e+00 8.155906198629899739e-01
2.469014428857715604e+00 8.154831341831572100e-01
2.477030060120240851e+00 8.153767804103388972e-01
2.485045691382765654e+00 8.152715423592415966e-01
2.493061322645290900e+00 8.151674041391285819e-01
2.501076953907815703e+00 8.150643501472739638e-01
2.509092585170340950e+00 8.149623650625861249e-01
2.517108216432865753e+00 8.148614338394035705e-01
2.525123847695390999e+00 8.147615417014488770e-01
2.533139478957916246e+00 8.146626741359417334e-01
2.541155110220441049e+00 8.145648168878641959e-01
2.549170741482966296e+00 8.144679559543744896e-01
2.557186372745491099e+00 8.143720775793629185e-01
2.565202004008016345e+00 8.142771682481497741e-01
2.573217635270541148e+00 8.141832146823141381e-01
2.581233266533066395e+00 8.140902038346590208e-01
2.589248897795591198e+00 8.139981228842995131e-01
2.597264529058116445e+00 8.139069592318767254e-01
2.605280160320641691e+00 8.138167004948899663e-01
2.613295791583166494e+00 8.137273345031489358e-01
2.621311422845691741e+00 8.136388492943337214e-01
2.629327054108216544e+00 8.135512331096693694e-01
2.637342685370741791e+00 8.134644743897045949e-01
2.645358316633266593e+00 8.133785617701947412e-01
2.653373947895791840e+00 8.132934840780851049e-01
2.661389579158316643e+00 8.132092303275939571e-01
2.669405210420841890e+00 8.131257897163869375e-01
2.677420841683367136e+00 8.130431516218481480e-01
2.685436472945891939e+00 8.129613055974370672e-01
2.693452104208417186e+00 8.128802413691360584e-01
2.701467735470941989e+00 8.127999488319807009e-01
2.709483366733467236e+00 8.127204180466731653e-01
2.717498997995992038e+00 8.126416392362765251e-01
2.725514629258517285e+00 8.125636027829858943e-01
2.733530260521042088e+00 8.124862992249762828e-01
2.741545891783567335e+00 8.124097192533256129e-01
2.749561523046092582e+00 8.123338537090053491e-01
2.757577154308617384e+00 8.122586935799462893e-01
2.765592785571142631e+00 8.121842299981695268e-01
2.773608416833667434e+00 8.121104542369816937e-01
2.781624048096192681e+00 8.120373577082412586e-01
2.789639679358717483e+00 8.119649319596785597e-01
2.797655310621242730e+00 8.118931686722856700e-01
2.805670941883767977e+00 8.118220596577585546e-01
2.813686573146292780e+00 8.117515968560018447e-01
2.821702204408818027e+00 8.116817723326877898e-01
2.829717835671342829e+00 8.116125782768712771e-01
2.837733466933868076e+00 8.115440069986550320e-01
2.845749098196392879e+00 8.114760509269138833e-01
2.853764729458918126e+00 8.114087026070617714e-01
2.861780360721442928e+00 8.113419546988732689e-01
2.869795991983968175e+00 8.112757999743513970e-01
2.877811623246493422e+00 8.112102313156430711e-01
2.885827254509018225e+00 8.111452417130000647e-01
2.893842885771543472e+00 8.110808242627837172e-01
2.901858517034068274e+00 8.110169721655141606e-01
2.909874148296593521e+00 8.109536787239626232e-01
2.917889779559118324e+00 8.108909373412819255e-01
2.925905410821643571e+00 8.108287415191817171e-01
2.933921042084168374e+00 8.107670848561380206e-01
2.941936673346693620e+00 8.107059610456452958e-01
2.949952304609218867e+00 8.106453638745032553e-01
2.957967935871743670e+00 8.105852872211417592e-01
2.965983567134268917e+00 8.105257250539796843e-01
2.973999198396793719e+00 8.104666714298195407e-01
2.982014829659318966e+00 8.104081204922741755e-01
2.990030460921843769e+00 8.103500664702308898e-01
2.998046092184369016e+00 8.102925036763419797e-01
3.006061723446893819e+00 8.102354265055496940e-01
3.014077354709419065e+00 8.101788294336421670e-01
3.022092985971944312e+00 8.101227070158383281e-01
3.030108617234469115e+00 8.100670538854033431e-01
3.038124248496994362e+00 8.100118647522884796e-01
3.046139879759519165e+00 8.099571344018052788e-01
3.054155511022044411e+00 8.099028576933219314e-01
3.062171142284569214e+00 8.098490295589869659e-01
3.070186773547094461e+00 8.097956450024806907e-01
3.078202404809619264e+00 8.097426990977903971e-01
3.086218036072144510e+00 8.096901869880099856e-01
3.094233667334669757e+00 8.096381038841662381e-01
3.102249298597194560e+00 8.095864450640648524e-01
3.110264929859719807e+00 8.095352058711617893e-01
3.118280561122244610e+00 8.094843817134581565e-01
3.126296192384769856e+00 8.094339680624140776e-01
3.134311823647294659e+00 8.093839604518864306e-01
3.142327454909819906e+00 8.093343544770867926e-01
3.150343086172345153e+00 8.092851457935597015e-01
3.158358717434869956e+00 8.092363301161809019e-01
3.166374348697395202e+00 8.091879032181756859e-01
3.174389979959920005e+00 8.091398609301566625e-01
3.182405611222445252e+00 8.090921991391787360e-01
3.190421242484970055e+00 8.090449137878135133e-01
3.198436873747495302e+00 8.089980008732413630e-01
3.206452505010020104e+00 8.089514564463619051e-01
3.214468136272545351e+00 8.089052766109192660e-01
3.222483767535070598e+00 8.088594575226460970e-01
3.230499398797595401e+00 8.088139953884240230e-01
3.238515030060120647e+00 8.087688864654585252e-01
3.246530661322645450e+00 8.087241270604700327e-01
3.254546292585170697e+00 8.086797135289016669e-01
3.262561923847695500e+00 8.086356422741395322e-01
3.270577555110220747e+00 8.085919097467506589e-01
3.278593186372745549e+00 8.085485124437317150e-01
3.286608817635270796e+00 8.085054469077750383e-01
3.294624448897796043e+00 8.084627097265465467e-01
3.302640080160320846e+00 8.084202975319775275e-01
3.310655711422846093e+00 8.083782069995679720e-01
3.318671342685370895e+00 8.083364348477071193e-01
3.326686973947896142e+00 8.082949778370017713e-01
3.334702605210420945e+00 8.082538327696188185e-01
3.342718236472946192e+00 8.082129964886409779e-01
3.350733867735470994e+00 8.081724658774320780e-01
3.358749498997996241e+00 8.081322378590151123e-01
3.366765130260521488e+00 8.080923093954640590e-01
3.374780761523046291e+00 8.080526774872990314e-01
3.382796392785571538e+00 8.080133391729017456e-01
3.390812024048096340e+00 8.079742915279369830e-01
3.398827655310621587e+00 8.079355316647817142e-01
3.406843286573146390e+00 8.078970567319708751e-01
3.414858917835671637e+00 8.078588639136473626e-01
3.422874549098196884e+00 8.078209504290252418e-01
3.430890180360721686e+00 8.077833135318608360e-01
3.438905811623246933e+00 8.077459505099341408e-01
3.446921442885771736e+00 8.077088586845380114e-01
3.454937074148296983e+00 8.076720354099786725e-01
3.462952705410821785e+00 8.076354780730818916e-01
3.470968336673347032e+00 8.075991840927113641e-01
3.478983967935871835e+00 8.075631509192924273e-01
3.486999599198397082e+00 8.075273760343461005e-01
3.495015230460922329e+00 8.074918569500291188e-01
3.503030861723447131e+00 8.074565912086850705e-01
3.511046492985972378e+00 8.074215763824008629e-01
3.519062124248497181e+00 8.073868100725710706e-01
3.527077755511022428e+00 8.073522899094695005e-01
3.535093386773547230e+00 8.073180135518310818e-01
3.543109018036072477e+00 8.072839786864365319e-01
3.551124649298597280e+00 8.072501830277073465e-01
3.559140280561122527e+00 8.072166243173056754e-01
3.567155911823647774e+00 8.071833003237423032e-01
3.575171543086172576e+00 8.071502088419909571e-01
3.583187174348697823e+00 8.071173476931085000e-01
3.591202805611222626e+00 8.070847147238635610e-01
3.599218436873747873e+00 8.070523078063669420e-01
3.607234068136272676e+00 8.070201248377134595e-01
3.615249699398797922e+00 8.069881637396272289e-01
3.623265330661322725e+00 8.069564224581120548e-01
3.631280961923847972e+00 8.069248989631089275e-01
3.639296593186373219e+00 8.068935912481609574e-01
3.647312224448898021e+00 8.068624973300768666e-01
3.655327855711423268e+00 8.068316152486115778e-01
3.663343486973948071e+00 8.068009430661394754e-01
3.671359118236473318e+00 8.067704788673432104e-01
3.679374749498998121e+00 8.067402207589012830e-01
3.687390380761523367e+00 8.067101668691830652e-01
3.695406012024048614e+00 8.066803153479489286e-01
3.703421643286573417e+00 8.066506643660554809e-01
3.711437274549098664e+00 8.066212121151636882e-01
3.719452905811623467e+00 8.065919568074543244e-01
3.727468537074148713e+00 8.065628966753458640e-01
3.735484168336673516e+00 8.065340299712174810e-01
3.743499799599198763e+00 8.065053549671388211e-01
3.751515430861723566e+00 8.064768699545988850e-01
3.759531062124248812e+00 8.064485732442451260e-01
3.767546693386774059e+00 8.064204631656229916e-01
3.775562324649298862e+00 8.063925380669201282e-01
3.783577955911824109e+00 8.063647963147162478e-01
3.791593587174348912e+00 8.063372362937347715e-01
3.799609218436874158e+00 8.063098564065999119e-01
3.807624849699398961e+00 8.062826550735977538e-01
3.815640480961924208e+00 8.062556307324389993e-01
3.823656112224449011e+00 8.062287818380285964e-01
3.831671743486974258e+00 8.062021068622352571e-01
3.839687374749499504e+00 8.061756042936687461e-01
3.847703006012024307e+00 8.061492726374571705e-01
3.855718637274549554e+00 8.061231104150293758e-01
3.863734268537074357e+00 8.060971161638995630e-01
3.871749899799599604e+00 8.060712884374581222e-01
3.879765531062124406e+00 8.060456258047605793e-01
3.887781162324649653e+00 8.060201268503259797e-01
3.895796793587174456e+00 8.059947901739328291e-01
3.903812424849699703e+00 8.059696143904212517e-01
3.911828056112224949e+00 8.059445981294982575e-01
3.919843687374749752e+00 8.059197400355436747e-01
3.927859318637274999e+00 8.058950387674216342e-01
3.935874949899799802e+00 8.058704929982933862e-01
3.943890581162325049e+00 8.058461014154335578e-01
3.951906212424849851e+00 8.058218627200489648e-01
3.959921843687375098e+00 8.057977756270988667e-01
3.967937474949900345e+00 8.057738388651221051e-01
3.975953106212425148e+00 8.057500511760609108e-01
3.983968737474950395e+00 8.057264113150927054e-01
3.991984368737475197e+00 8.057029180504606813e-01
4.000000000000000000e+00 8.056795701633079343e-01
