2.000000000000000096e-04 2.666666586665325414e-04
8.215631262525051326e-03 1.095362049656560186e-02
1.623126252505010039e-02 2.163740738883533285e-02
2.424689378757514946e-02 3.231493825189472868e-02
3.226252505010020200e-02 4.298312551024067313e-02
4.027815631262525453e-02 5.363888384190276110e-02
4.829378757515030013e-02 6.427913092479291268e-02
5.630941883767535266e-02 7.490078818404580230e-02
6.432505010020041214e-02 8.550078148948994650e-02
7.234068136272546468e-02 9.607604216344330095e-02
8.035631262525051721e-02 1.066235072187164401e-01
8.837194388777556975e-02 1.171401206279101964e-01
9.638757515030060841e-02 1.276228338235376181e-01
1.044032064128256609e-01 1.380686065098152004e-01
1.124188376753507135e-01 1.484744074259272684e-01
1.204344689378757660e-01 1.588372151135240551e-01
1.284501002004008186e-01 1.691540186849453675e-01
1.364657314629258711e-01 1.794218186031575346e-01
1.444813627254509236e-01 1.896376274553751018e-01
1.524969939879759762e-01 1.997984707407936267e-01
1.605126252505010287e-01 2.099013876579532145e-01
1.685282565130260812e-01 2.199434319001739302e-01
1.765438877755511338e-01 2.299216724557250346e-01
1.845595190380761863e-01 2.398331944141463556e-01
1.925751503006012111e-01 2.496750997815768980e-01
2.005907815631262636e-01 2.594445082964236260e-01
2.086064128256513162e-01 2.691385582616201977e-01
2.166220440881763687e-01 2.787544073774363973e-01
2.246376753507014212e-01 2.882892335855780086e-01
2.326533066132264738e-01 2.977402359222426909e-01
2.406689378757515263e-01 3.071046353770670589e-01
2.486845691382765788e-01 3.163796757669180004e-01
2.567002004008016036e-01 3.255626246149165848e-01
2.647158316633266284e-01 3.346507740429439659e-01
2.727314629258517087e-01 3.436414416744592026e-01
2.807470941883767335e-01 3.525319715473006488e-01
2.887627254509018138e-01 3.613197350433819399e-01
2.967783567134268385e-01 3.700021318259926195e-01
3.047939879759519188e-01 3.785765907930875307e-01
3.128096192384769436e-01 3.870405710456459869e-01
3.208252505010020239e-01 3.953915628686504036e-01
3.288408817635270487e-01 4.036270887298351040e-01
3.368565130260521290e-01 4.117447042927726009e-01
3.448721442885771538e-01 4.197419994491500828e-01
3.528877755511022341e-01 4.276165993668756826e-01
3.609034068136272588e-01 4.353661655589904922e-01
3.689190380761523391e-01 4.429883969715060488e-01
3.769346693386773639e-01 4.504810310906821602e-01
3.849503006012023887e-01 4.578418450760297076e-01
3.929659318637274690e-01 4.650686569105441093e-01
4.009815631262524938e-01 4.721593265802438988e-01
4.089971943887775740e-01 4.791117572761103283e-01
4.170128256513025988e-01 4.859238966225768452e-01
4.250284569138276791e-01 4.925937379347376521e-01
4.330440881763527039e-01 4.991193215047101117e-01
4.410597194388777842e-01 5.054987359191689400e-01
4.490753507014028090e-01 5.117301194079357796e-01
4.570909819639278893e-01 5.178116612166384636e-01
4.651066132264529140e-01 5.237416031432209351e-01
4.731222444889779943e-01 5.295182406157284971e-01
4.811378757515030191e-01 5.351399247724156760e-01
4.891535070140280994e-01 5.406050635470110999e-01
4.971691382765531242e-01 5.459121234308881299e-01
5.051847695390782045e-01 5.510596310617698057e-01
5.132004008016032293e-01 5.560461749332603620e-01
5.212160320641282540e-01 5.608704071143227887e-01
5.292316633266532788e-01 5.655310450436948910e-01
5.372472945891784146e-01 5.700268733892660533e-01
5.452629258517034394e-01 5.743567459534381081e-01
5.532785571142284642e-01 5.785195876605072618e-01
5.612941883767534890e-01 5.825143966131056672e-01
5.693098196392786248e-01 5.863402462121388714e-01
5.773254509018036496e-01 5.899962873866176905e-01
5.853410821643286743e-01 5.934817508796710328e-01
5.933567134268536991e-01 5.967959496463542957e-01
6.013723446893788349e-01 5.999382813410759629e-01
6.093879759519038597e-01 6.029082309279472085e-01
6.174036072144288845e-01 6.057053733799909745e-01
6.254192384769539093e-01 6.083293765358309679e-01
6.334348697394790451e-01 6.107800040409525621e-01
6.414505010020040698e-01 6.130571184954800579e-01
6.494661322645290946e-01 6.151606846933762585e-01
6.574817635270541194e-01 6.170907730741322927e-01
6.654973947895791442e-01 6.188475633375450924e-01
6.735130260521042800e-01 6.204313482545823488e-01
6.815286573146293048e-01 6.218425376948277794e-01
6.895442885771543295e-01 6.230816628966471260e-01
6.975599198396793543e-01 6.241493809843479124e-01
7.055755511022044901e-01 6.250464797612688139e-01
7.135911823647295149e-01 6.257738828263486042e-01
7.216068136272545397e-01 6.263326550164294293e-01
7.296224448897795645e-01 6.267240082304157411e-01
7.376380761523047003e-01 6.269493076731864623e-01
7.456537074148297251e-01 6.270100785350493089e-01
7.536693386773547498e-01 6.269080132348097134e-01
7.616849699398797746e-01 6.266449791877619635e-01
7.697006012024047994e-01 6.262230272443738421e-01
7.777162324649299352e-01 6.256444008645921651e-01
7.857318637274549600e-01 6.249115461031617969e-01
7.937474949899799848e-01 6.240271225334460548e-01
8.017631262525050095e-01 6.229940152574207080e-01
8.097787575150301453e-01 6.218153481325919829e-01
8.177943887775551701e-01 6.204944984312930067e-01
8.258100200400801949e-01 6.190351131488477376e-01
8.338256513026052197e-01 6.174411272560231811e-01
8.418412825651303555e-01 6.157167842236606070e-01
8.498569138276553803e-01 6.138666592583250647e-01
8.578725450901804050e-01 6.118956857908873781e-01
8.658881763527054298e-01 6.098091858805901877e-01
8.739038076152305656e-01 6.076129054601662194e-01
8.819194388777555904e-01 6.053130552756385008e-01
8.899350701402806152e-01 6.029163598406988012e-01
8.979507014028056400e-01 6.004301150453925651e-01
9.059663326653306648e-01 5.978622585553121649e-01
9.139819639278558006e-01 5.952214560581505776e-01
9.219975951903808253e-01 5.925172091733388324e-01
9.300132264529058501e-01 5.897599933080428514e-01
9.380288577154308749e-01 5.869614381459299368e-01
9.460444889779560107e-01 5.841345712399929058e-01
9.540601202404810355e-01 5.812941594048601779e-01
9.620757515030060603e-01 5.784572107328850299e-01
9.700913827655310850e-01 5.756437618317372662e-01
9.781070140280562208e-01 5.728782289425712326e-01
9.861226452905812456e-01 5.701920713173992405e-01
9.941382765531062704e-01 5.676305381835342612e-01
1.002153907815631406e+00 5.652897861426411374e-01
1.010169539078156431e+00 5.632414854707507024e-01
1.018185170340681456e+00 5.613746516848562296e-01
1.026200801603206481e+00 5.596455598347825910e-01
1.034216432865731505e+00 5.580299569544229232e-01
1.042232064128256530e+00 5.565114254700391783e-01
1.050247695390781555e+00 5.550778192250916954e-01
1.058263326653306580e+00 5.537196679417076828e-01
1.066278957915831826e+00 5.524293237525201850e-01
1.074294589178356851e+00 5.512004520822939568e-01
1.082310220440881876e+00 5.500277043537732391e-01
1.090325851703406901e+00 5.489064957123120925e-01
1.098341482965931926e+00 5.478328475772604733e-01
1.106357114228456950e+00 5.468032723227582714e-01
1.114372745490981975e+00 5.458146864859807490e-01
1.122388376753507000e+00 5.448643439542499856e-01
1.130404008016032247e+00 5.439497835411445381e-01
1.138419639278557272e+00 5.430687871767261310e-01
1.146435270541082296e+00 5.422193460882556160e-01
1.154450901803607321e+00 5.413996331043181565e-01
1.162466533066132346e+00 5.406079797251930330e-01
1.170482164328657371e+00 5.398428569544726496e-01
1.178497795591182395e+00 5.391028591355603306e-01
1.186513426853707420e+00 5.383866902152630862e-01
1.194529058116232445e+00 5.376931519873475729e-01
1.202544689378757692e+00 5.370211339658809147e-01
1.210560320641282717e+00 5.363696046111279259e-01
1.218575951903807741e+00 5.357376036863685798e-01
1.226591583166332766e+00 5.351242355668374140e-01
1.234607214428857791e+00 5.345286633554738875e-01
1.242622845691382816e+00 5.339501036854219507e-01
1.250638476953907841e+00 5.333878221130711195e-01
1.258654108216432865e+00 5.328411290168169057e-01
1.266669739478958112e+00 5.323093759355488341e-01
1.274685370741483137e+00 5.317919522884079209e-01
1.282701002004008162e+00 5.312882824273943427e-01
1.290716633266533186e+00 5.307978229815512039e-01
1.298732264529058211e+00 5.303200604575006860e-01
1.306747895791583236e+00 5.298545090661256340e-01
1.314763527054108261e+00 5.294007087494083663e-01
1.322779158316633286e+00 5.289582233849515758e-01
1.330794789579158310e+00 5.285266391486951321e-01
1.338810420841683557e+00 5.281055630188620231e-01
1.346826052104208582e+00 5.276946214063165108e-01
1.354841683366733607e+00 5.272934588983484439e-01
1.362857314629258632e+00 5.269017371044762976e-01
1.370872945891783656e+00 5.265191335942097650e-01
1.378888577154308681e+00 5.261453409178873386e-01
1.386904208416833706e+00 5.257800657027099644e-01
1.394919839679358731e+00 5.254230278169782498e-01
1.402935470941883978e+00 5.250739595963045403e-01
1.410951102204409002e+00 5.247326051262377611e-01
1.418966733466934027e+00 5.243987195763326614e-01
1.426982364729459052e+00 5.240720685812045865e-01
1.434997995991984077e+00 5.237524276645705301e-01
1.443013627254509101e+00 5.234395817026706865e-01
1.451029258517034126e+00 5.231333244238287605e-01
1.459044889779559151e+00 5.228334579412154959e-01
1.467060521042084176e+00 5.225397923161652081e-01
1.475076152304609423e+00 5.222521451496384692e-01
1.483091783567134447e+00 5.219703411996534648e-01
1.491107414829659472e+00 5.216942120226972790e-01
1.499123046092184497e+00 5.214235956373182157e-01
1.507138677354709522e+00 5.211583362082455873e-01
1.515154308617234546e+00 5.208982837495395035e-01
1.523169939879759571e+00 5.206432938453930959e-01
1.531185571142284596e+00 5.203932273873331793e-01
1.539201202404809621e+00 5.201479503266601689e-01
1.547216833667334868e+00 5.199073334414898717e-01
1.555232464929859892e+00 5.196712521148973973e-01
1.563248096192384917e+00 5.194395861296838834e-01
1.571263727454909942e+00 5.192122194702450955e-01
1.579279358717434967e+00 5.189890401374184226e-01
1.587294989979959992e+00 5.187699399729076566e-01
1.595310621242485016e+00 5.185548144930952619e-01
1.603326252505010041e+00 5.183435627314623151e-01
1.611341883767535288e+00 5.181360870901765558e-01
1.619357515030060313e+00 5.179322931974922328e-01
1.627373146292585337e+00 5.177320897743555861e-01
1.635388777555110362e+00 5.175353885068096904e-01
1.643404408817635387e+00 5.173421039250000186e-01
1.651420040080160412e+00 5.171521532881933059e-01
1.659435671342685437e+00 5.169654564754535553e-01
1.667451302605210461e+00 5.167819358816461150e-01
1.675466933867735486e+00 5.166015163184591863e-01
1.683482565130260733e+00 5.164241249201587669e-01
1.691498196392785758e+00 5.162496910538055817e-01
1.699513827655310783e+00 5.160781462336857528e-01
1.707529458917835807e+00 5.159094240397188447e-01
1.715545090180360832e+00 5.157434600396261226e-01
1.723560721442885857e+00 5.155801917146528579e-01
1.731576352705410882e+00 5.154195583886536092e-01
1.739591983967935906e+00 5.152615011603571826e-01
1.747607615230461153e+00 5.151059628386486233e-01
1.755623246492986178e+00 5.149528878807023702e-01
1.763638877755511203e+00 5.148022223328238001e-01
1.771654509018036228e+00 5.146539137738562752e-01
1.779670140280561252e+00 5.145079112610220218e-01
1.787685771543086277e+00 5.143641652780764906e-01
1.795701402805611302e+00 5.142226276856539657e-01
1.803717034068136327e+00 5.140832516737018354e-01
1.811732665330661352e+00 5.139459917158948343e-01
1.819748296593186598e+00 5.138108035259335571e-01
1.827763927855711623e+00 5.136776440156374246e-01
1.835779559118236648e+00 5.135464712547368471e-01
1.843795190380761673e+00 5.134172444323160667e-01
1.851810821643286697e+00 5.132899238197535796e-01
1.859826452905811722e+00 5.131644707351844525e-01
1.867842084168336747e+00 5.130408475093444221e-01
1.875857715430861772e+00 5.129190174527582524e-01
1.883873346693387019e+00 5.127989448242065151e-01
1.891888977955912043e+00 5.126805948004113933e-01
1.899904609218437068e+00 5.125639334468858888e-01
1.907920240480962093e+00 5.124489276898961387e-01
1.915935871743487118e+00 5.123355452894843287e-01
1.923951503006012143e+00 5.122237548135066820e-01
1.931967134268537167e+00 5.121135256126403412e-01
1.939982765531062192e+00 5.120048277963192840e-01
1.947998396793587217e+00 5.118976322095559750e-01
1.956014028056112464e+00 5.117919104106107842e-01
1.964029659318637488e+00 5.116876346494761973e-01
1.972045290581162513e+00 5.115847778471356300e-01
1.980060921843687538e+00 5.114833135755687543e-01
1.988076553106212563e+00 5.113832160384701453e-01
1.996092184368737588e+00 5.112844600526498251e-01
2.004107815631262834e+00 5.111870210300910600e-01
2.012123446893787637e+00 5.110908749606348778e-01
2.020139078156312884e+00 5.109959983952667706e-01
2.028154709418837687e+00 5.109023684299830448e-01
2.036170340681362934e+00 5.108099626902098400e-01
2.044185971943887736e+00 5.107187593157550554e-01
2.052201603206412983e+00 5.106287369462712000e-01
2.060217234468938230e+00 5.105398747072088517e-01
2.068232865731463033e+00 5.104521521962421815e-01
2.076248496993988280e+00 5.103655494701455630e-01
2.084264128256513082e+00 5.102800470321078308e-01
2.092279759519038329e+00 5.101956258194620952e-01
2.100295390781563132e+00 5.101122671918204565e-01
2.108311022044088379e+00 5.100299529195935211e-01
2.116326653306613181e+00 5.099486651728831754e-01
2.124342284569138428e+00 5.098683865107335178e-01
2.132357915831663675e+00 5.097890998707246268e-01
2.140373547094188478e+00 5.097107885589010623e-01
2.148389178356713725e+00 5.096334362400164464e-01
2.156404809619238527e+00 5.095570269280885745e-01
2.164420440881763774e+00 5.094815449772476246e-01
2.172436072144288577e+00 5.094069750728731361e-01
2.180451703406813824e+00 5.093333022230035478e-01
2.188467334669338626e+00 5.092605117500118572e-01
2.196482965931863873e+00 5.091885892825368520e-01
2.204498597194389120e+00 5.091175207476602571e-01
2.212514228456913923e+00 5.090472923633219127e-01
2.220529859719439170e+00 5.089778906309651019e-01
2.228545490981963972e+00 5.089093023284005923e-01
2.236561122244489219e+00 5.088415145028870601e-01
2.244576753507014022e+00 5.087745144644153505e-01
2.252592384769539269e+00 5.087082897791930236e-01
2.260608016032064516e+00 5.086428282633195241e-01
2.268623647294589318e+00 5.085781179766484250e-01
2.276639278557114565e+00 5.085141472168274168e-01
2.284654909819639368e+00 5.084509045135126026e-01
2.292670541082164615e+00 5.083883786227478829e-01
2.300686172344689417e+00 5.083265585215090976e-01
2.308701803607214664e+00 5.082654334024010456e-01
2.316717434869739467e+00 5.082049926685084928e-01
2.324733066132264714e+00 5.081452259283892881e-01
2.332748697394789961e+00 5.080861229912145838e-01
2.340764328657314763e+00 5.080276738620390642e-01
2.348779959919840010e+00 5.079698687372076193e-01
2.356795591182364813e+00 5.079126979998881408e-01
2.364811222444890060e+00 5.078561522157296615e-01
2.372826853707414863e+00 5.078002221286361806e-01
2.380842484969940109e+00 5.077448986566627243e-01
2.388858116232464912e+00 5.076901728880162112e-01
2.396873747494990159e+00 5.076360360771722258e-01
2.404889378757515406e+00 5.075824796410910444e-01
2.412905010020040208e+00 5.075294951555395784e-01
2.420920641282565455e+00 5.074770743515090166e-01
2.428936272545090258e+00 5.074252091117311680e-01
2.436951903807615505e+00 5.073738914672843991e-01
2.444967535070140308e+00 5.073231135942923853e-01
2.452983166332665554e+00 5.072728678107071287e-01
2.460998797595190357e+00 5.072231465731785738e-01
2.469014428857715604e+00 5.071739424740047131e-01
2.477030060120240851e+00 5.071252482381612969e-01
2.485045691382765654e+00 5.070770567204095913e-01
2.493061322645290900e+00 5.070293609024772996e-01
2.501076953907815703e+00 5.069821538903122038e-01
2.509092585170340950e+00 5.069354289114073042e-01
2.517108216432865753e+00 5.068891793121921285e-01
2.525123847695390999e+00 5.068433985554926524e-01
2.533139478957916246e+00 5.067980802180526156e-01
2.541155110220441049e+00 5.067532179881196752e-01
2.549170741482966296e+00 5.067088056630909554e-01
2.557186372745491099e+00 5.066648371472171064e-01
2.565202004008016345e+00 5.066213064493639839e-01
2.573217635270541148e+00 5.065782076808299506e-01
2.581233266533066395e+00 5.065355350532156908e-01
2.589248897795591198e+00 5.064932828763489825e-01
2.597264529058116445e+00 5.064514455562565409e-01
2.605280160320641691e+00 5.064100175931889325e-01
2.613295791583166494e+00 5.063689935796913399e-01
2.621311422845691741e+00 5.063283681987206242e-01
2.629327054108216544e+00 5.062881362218105696e-01
2.637342685370741791e+00 5.062482925072768758e-01
2.645358316633266593e+00 5.062088319984689999e-01
2.653373947895791840e+00 5.061697497220609687e-01
2.661389579158316643e+00 5.061310407863846006e-01
2.669405210420841890e+00 5.060927003798004753e-01
2.677420841683367136e+00 5.060547237691083167e-01
2.685436472945891939e+00 5.060171062979947898e-01
2.693452104208417186e+00 5.059798433855158262e-01
2.701467735470941989e+00 5.059429305246175845e-01
2.709483366733467236e+00 5.059063632806874988e-01
2.717498997995992038e+00 5.058701372901427407e-01
2.725514629258517285e+00 5.058342482590483247e-01
2.733530260521042088e+00 5.057986919617691868e-01
2.741545891783567335e+00 5.057634642396500180e-01
2.749561523046092582e+00 5.057285609997291820e-01
2.757577154308617384e+00 5.056939782134779460e-01
2.765592785571142631e+00 5.056597119155713527e-01
2.773608416833667434e+00 5.056257582026837394e-01
2.781624048096192681e+00 5.055921132323146772e-01
2.789639679358717483e+00 5.055587732216375585e-01
2.797655310621242730e+00 5.055257344463774949e-01
2.805670941883767977e+00 5.054929932397106418e-01
2.813686573146292780e+00 5.054605459911905019e-01
2.821702204408818027e+00 5.054283891456970990e-01
2.829717835671342829e+00 5.053965192024081343e-01
2.837733466933868076e+00 5.053649327137945679e-01
2.845749098196392879e+00 5.053336262846366278e-01
2.853764729458918126e+00 5.053025965710619127e-01
2.861780360721442928e+00 5.052718402796039232e-01
2.869795991983968175e+00 5.052413541662822416e-01
2.877811623246493422e+00 5.052111350356995878e-01
2.885827254509018225e+00 5.051811797401617454e-01
2.893842885771543472e+00 5.051514851788141414e-01
2.901858517034068274e+00 5.051220482967971881e-01
2.909874148296593521e+00 5.050928660844198337e-01
2.917889779559118324e+00 5.050639355763504312e-01
2.925905410821643571e+00 5.050352538508249278e-01
2.933921042084168374e+00 5.050068180288710407e-01
2.941936673346693620e+00 5.049786252735499748e-01
2.949952304609218867e+00 5.049506727892124625e-01
2.957967935871743670e+00 5.049229578207711233e-01
2.965983567134268917e+00 5.048954776529881450e-01
2.973999198396793719e+00 5.048682296097767308e-01
2.982014829659318966e+00 5.048412110535186459e-01
2.990030460921843769e+00 5.048144193843927541e-01
2.998046092184369016e+00 5.047878520397222069e-01
3.006061723446893819e+00 5.047615064933285156e-01
3.014077354709419065e+00 5.047353802549056079e-01
3.022092985971944312e+00 5.047094708694004339e-01
3.030108617234469115e+00 5.046837759164111148e-01
3.038124248496994362e+00 5.046582930095937503e-01
3.046139879759519165e+00 5.046330197960825492e-01
3.054155511022044411e+00 5.046079539559223948e-01
3.062171142284569214e+00 5.045830932015102910e-01
3.070186773547094461e+00 5.045584352770506875e-01
3.078202404809619264e+00 5.045339779580200190e-01
3.086218036072144510e+00 5.045097190506414586e-01
3.094233667334669757e+00 5.044856563913721059e-01
3.102249298597194560e+00 5.044617878463980576e-01
3.110264929859719807e+00 5.044381113111400250e-01
3.118280561122244610e+00 5.044146247097696101e-01
3.126296192384769856e+00 5.043913259947336858e-01
3.134311823647294659e+00 5.043682131462885465e-01
3.142327454909819906e+00 5.043452841720437174e-01
3.150343086172345153e+00 5.043225371065130913e-01
3.158358717434869956e+00 5.042999700106759464e-01
3.166374348697395202e+00 5.042775809715462909e-01
3.174389979959920005e+00 5.042553681017495348e-01
3.182405611222445252e+00 5.042333295391090431e-01
3.190421242484970055e+00 5.042114634462380174e-01
3.198436873747495302e+00 5.041897680101411483e-01
3.206452505010020104e+00 5.041682414418233726e-01
3.214468136272545351e+00 5.041468819759054032e-01
3.222483767535070598e+00 5.041256878702471411e-01
3.230499398797595401e+00 5.041046574055776386e-01
3.238515030060120647e+00 5.040837888851327220e-01
3.246530661322645450e+00 5.040630806342976111e-01
3.254546292585170697e+00 5.040425310002597525e-01
3.262561923847695500e+00 5.040221383516633180e-01
3.270577555110220747e+00 5.040019010782739173e-01
3.278593186372745549e+00 5.039818175906483066e-01
3.286608817635270796e+00 5.039618863198089826e-01
3.294624448897796043e+00 5.039421057169264362e-01
3.302640080160320846e+00 5.039224742530069578e-01
3.310655711422846093e+00 5.039029904185845510e-01
3.318671342685370895e+00 5.038836527234206164e-01
3.326686973947896142e+00 5.038644596962074118e-01
3.334702605210420945e+00 5.038454098842776174e-01
3.342718236472946192e+00 5.038265018533198969e-01
3.350733867735470994e+00 5.038077341870974557e-01
3.358749498997996241e+00 5.037891054871737051e-01
3.366765130260521488e+00 5.037706143726420338e-01
3.374780761523046291e+00 5.037522594798593545e-01
3.382796392785571538e+00 5.037340394621871997e-01
3.390812024048096340e+00 5.037159529897341503e-01
3.398827655310621587e+00 5.036979987491048139e-01
3.406843286573146390e+00 5.036801754431531331e-01
3.414858917835671637e+00 5.036624817907388030e-01
3.422874549098196884e+00 5.036449165264893502e-01
3.430890180360721686e+00 5.036274784005655425e-01
3.438905811623246933e+00 5.036101661784314620e-01
3.446921442885771736e+00 5.035929786406279085e-01
3.454937074148296983e+00 5.035759145825500216e-01
3.462952705410821785e+00 5.035589728142297883e-01
3.470968336673347032e+00 5.035421521601195494e-01
3.478983967935871835e+00 5.035254514588828334e-01
3.486999599198397082e+00 5.035088695631859679e-01
3.495015230460922329e+00 5.034924053394942423e-01
3.503030861723447131e+00 5.034760576678721788e-01
3.511046492985972378e+00 5.034598254417860241e-01
3.519062124248497181e+00 5.034437075679105700e-01
3.527077755511022428e+00 5.034277029659383063e-01
3.535093386773547230e+00 5.034118105683934585e-01
3.543109018036072477e+00 5.033960293204461367e-01
3.551124649298597280e+00 5.033803581797339222e-01
3.559140280561122527e+00 5.033647961161820117e-01
3.567155911823647774e+00 5.033493421118294675e-01
3.575171543086172576e+00 5.033339951606572438e-01
3.583187174348697823e+00 5.033187542684184335e-01
3.591202805611222626e+00 5.033036184524727341e-01
3.599218436873747873e+00 5.032885867416232450e-01
3.607234068136272676e+00 5.032736581759547079e-01
3.615249699398797922e+00 5.032588318066759658e-01
3.623265330661322725e+00 5.032441066959643106e-01
3.631280961923847972e+00 5.032294819168129374e-01
3.639296593186373219e+00 5.032149565528792889e-01
3.647312224448898021e+00 5.032005296983386167e-01
3.655327855711423268e+00 5.031862004577370984e-01
3.663343486973948071e+00 5.031719679458489525e-01
3.671359118236473318e+00 5.031578312875362169e-01
3.679374749498998121e+00 5.031437896176087499e-01
3.687390380761523367e+00 5.031298420806888938e-01
3.695406012024048614e+00 5.031159878310770273e-01
3.703421643286573417e+00 5.031022260326188933e-01
3.711437274549098664e+00 5.030885558585769246e-01
3.719452905811623467e+00 5.030749764915007916e-01
3.727468537074148713e+00 5.030614871231025020e-01
3.735484168336673516e+00 5.030480869541326117e-01
3.743499799599198763e+00 5.030347751942582102e-01
3.751515430861723566e+00 5.030215510619421293e-01
3.759531062124248812e+00 5.030084137843264802e-01
3.767546693386774059e+00 5.029953625971151920e-01
3.775562324649298862e+00 5.029823967444597699e-01
3.783577955911824109e+00 5.029695154788474953e-01
3.791593587174348912e+00 5.029567180609892940e-01
3.799609218436874158e+00 5.029440037597121549e-01
3.807624849699398961e+00 5.029313718518504395e-01
3.815640480961924208e+00 5.029188216221410768e-01
3.823656112224449011e+00 5.029063523631185362e-01
3.831671743486974258e+00 5.028939633750130200e-01
3.839687374749499504e+00 5.028816539656496554e-01
3.847703006012024307e+00 5.028694234503480187e-01
3.855718637274549554e+00 5.028572711518262128e-01
3.863734268537074357e+00 5.028451964001023899e-01
3.871749899799599604e+00 5.028331985324014930e-01
3.879765531062124406e+00 5.028212768930606646e-01
3.887781162324649653e+00 5.028094308334386531e-01
3.895796793587174456e+00 5.027976597118235524e-01
3.903812424849699703e+00 5.027859628933443181e-01
3.911828056112224949e+00 5.027743397498838362e-01
3.919843687374749752e+00 5.027627896599901058e-01
3.927859318637274999e+00 5.027513120087930831e-01
3.935874949899799802e+00 5.027399061879195274e-01
3.943890581162325049e+00 5.027285715954109557e-01
3.951906212424849851e+00 5.027173076356412640e-01
3.959921843687375098e+00 5.027061137192372353e-01
3.967937474949900345e+00 5.026949892629990480e-01
3.975953106212425148e+00 5.026839336898227817e-01
3.983968737474950395e+00 5.026729464286223692e-01
3.991984368737475197e+00 5.026620269142563213e-01
4.000000000000000000e+00 5.026511745874502335e-01
