2.000000000000000096e-04 3.999999959998657025e-04
8.215631262525051326e-03 1.643098525796505074e-02
1.623126252505010039e-02 3.246038684990299600e-02
2.424689378757514946e-02 4.848665927107694701e-02
3.226252505010020200e-02 6.450825626622902487e-02
4.027815631262525453e-02 8.052363045189463164e-02
4.829378757515030013e-02 9.653123294149601463e-02
5.630941883767535266e-02 1.125295129685978945e-01
6.432505010020041214e-02 1.285169174565487238e-01
7.234068136272546468e-02 1.444918908954491432e-01
8.035631262525051721e-02 1.604528744411731489e-01
8.837194388777556975e-02 1.763983060441749184e-01
9.638757515030060841e-02 1.923266197994405458e-01
1.044032064128256609e-01 2.082362456022422148e-01
1.124188376753507135e-01 2.241256087469331859e-01
1.204344689378757660e-01 2.399931295215687044e-01
1.284501002004008186e-01 2.558372227917437569e-01
1.364657314629258711e-01 2.716562975902840349e-01
1.444813627254509236e-01 2.874487566830298269e-01
1.524969939879759762e-01 3.032129961408451813e-01
1.605126252505010287e-01 3.189474048971814302e-01
1.685282565130260812e-01 3.346503642985054761e-01
1.765438877755511338e-01 3.503202476454810865e-01
1.845595190380761863e-01 3.659554197238485962e-01
1.925751503006012111e-01 3.815542363252513169e-01
2.005907815631262636e-01 3.971150437558662594e-01
2.086064128256513162e-01 4.126361783339439482e-01
2.166220440881763687e-01 4.281159658737357931e-01
2.246376753507014212e-01 4.435527211559212590e-01
2.326533066132264738e-01 4.589447473841326008e-01
2.406689378757515263e-01 4.742903356246509494e-01
2.486845691382765788e-01 4.895877642314547806e-01
2.567002004008016036e-01 5.048352982518633514e-01
2.647158316633266284e-01 5.200311888158953844e-01
2.727314629258517087e-01 5.351736725040910914e-01
2.807470941883767335e-01 5.502609706956167468e-01
2.887627254509018138e-01 5.652912888938051994e-01
2.967783567134268385e-01 5.802628160294132087e-01
3.047939879759519188e-01 5.951737237365296584e-01
3.128096192384769436e-01 6.100221656054716224e-01
3.208252505010020239e-01 6.248062764043372797e-01
3.288408817635270487e-01 6.395241712741194240e-01
3.368565130260521290e-01 6.541739448890611097e-01
3.448721442885771538e-01 6.687536705870085196e-01
3.528877755511022341e-01 6.832613994601635099e-01
3.609034068136272588e-01 6.976951594119863431e-01
3.689190380761523391e-01 7.120529541717073307e-01
3.769346693386773639e-01 7.263327622648657611e-01
3.849503006012023887e-01 7.405325359423071685e-01
3.929659318637274690e-01 7.546502000553848566e-01
4.009815631262524938e-01 7.686836508843928328e-01
4.089971943887775740e-01 7.826307549095044003e-01
4.170128256513025988e-01 7.964893475206495932e-01
4.250284569138276791e-01 8.102572316670977326e-01
4.330440881763527039e-01 8.239321764427296468e-01
4.410597194388777842e-01 8.375119155917959413e-01
4.490753507014028090e-01 8.509941459443775003e-01
4.570909819639278893e-01 8.643765257649134170e-01
4.651066132264529140e-01 8.776566730164261365e-01
4.731222444889779943e-01 8.908321635253424464e-01
4.811378757515030191e-01 9.039005290461521458e-01
4.891535070140280994e-01 9.168592552181886735e-01
4.971691382765531242e-01 9.297057794003630304e-01
5.051847695390782045e-01 9.424374883817253634e-01
5.132004008016032293e-01 9.550517159513760568e-01
5.212160320641282540e-01 9.675457403239504650e-01
5.292316633266532788e-01 9.799167813975621089e-01
5.372472945891784146e-01 9.921619978503704029e-01
5.452629258517034394e-01 1.004278484028193752e+00
5.532785571142284642e-01 1.016263266649085839e+00
5.612941883767534890e-01 1.028113301270309199e+00
5.693098196392786248e-01 1.039825468513426721e+00
5.773254509018036496e-01 1.051396570036339906e+00
5.853410821643286743e-01 1.062823324201519704e+00
5.933567134268536991e-01 1.074102361434039254e+00
6.013723446893788349e-01 1.085230219231226201e+00
6.093879759519038597e-01 1.096203336799640216e+00
6.174036072144288845e-01 1.107018049254341774e+00
6.254192384769539093e-01 1.117670581375383998e+00
6.334348697394790451e-01 1.128157040839327774e+00
6.414505010020040698e-01 1.138473410902756555e+00
6.494661322645290946e-01 1.148615542432378511e+00
6.574817635270541194e-01 1.158579145270172805e+00
6.654973947895791442e-01 1.168359778800330817e+00
6.735130260521042800e-01 1.177952841659837047e+00
6.815286573146293048e-01 1.187353560467673708e+00
6.895442885771543295e-01 1.196556977478498540e+00
6.975599198396793543e-01 1.205557936999763768e+00
7.055755511022044901e-01 1.214351070412037048e+00
7.135911823647295149e-01 1.222930779637771082e+00
7.216068136272545397e-01 1.231291218802866627e+00
7.296224448897795645e-01 1.239426273865579908e+00
7.376380761523047003e-01 1.247329539917733765e+00
7.456537074148297251e-01 1.254994295762702050e+00
7.536693386773547498e-01 1.262413475451730438e+00
7.616849699398797746e-01 1.269579636153886693e+00
7.697006012024047994e-01 1.276484921874330380e+00
7.777162324649299352e-01 1.283121022253407517e+00
7.857318637274549600e-01 1.289479125577065233e+00
7.937474949899799848e-01 1.295549864936323958e+00
8.017631262525050095e-01 1.301323256241896598e+00
8.097787575150301453e-01 1.306788626446542478e+00
8.177943887775551701e-01 1.311934529951349182e+00
8.258100200400801949e-01 1.316748650634851581e+00
8.338256513026052197e-01 1.321217686244663625e+00
8.418412825651303555e-01 1.325327210923067378e+00
8.498569138276553803e-01 1.329061510413855007e+00
8.578725450901804050e-01 1.332403382741318865e+00
8.658881763527054298e-01 1.335333894683398581e+00
8.739038076152305656e-01 1.337832080984653560e+00
8.819194388777555904e-01 1.339874568269480148e+00
8.899350701402806152e-01 1.341435098191760655e+00
8.979507014028056400e-01 1.342483913486629987e+00
9.059663326653306648e-01 1.342986953260881133e+00
9.139819639278558006e-01 1.342904776449542537e+00
9.219975951903808253e-01 1.342191087188634890e+00
9.300132264529058501e-01 1.340790657418949205e+00
9.380288577154308749e-01 1.338636300698310411e+00
9.460444889779560107e-01 1.335644280081962121e+00
9.540601202404810355e-01 1.331706975601493870e+00
9.620757515030060603e-01 1.326680381335628711e+00
9.700913827655310850e-01 1.320360825436087016e+00
9.781070140280562208e-01 1.312435838062154581e+00
9.861226452905812456e-01 1.302357944269792789e+00
9.941382765531062704e-01 1.288872368578261263e+00
1.002153907815631406e+00 1.266064795199533854e+00
1.010169539078156431e+00 1.249189281967709952e+00
1.018185170340681456e+00 1.236624346215257741e+00
1.026200801603206481e+00 1.226136386226586827e+00
1.034216432865731505e+00 1.217006379622618040e+00
1.042232064128256530e+00 1.208871010559174675e+00
1.050247695390781555e+00 1.201511038734360604e+00
1.058263326653306580e+00 1.194780160787827006e+00
1.066278957915831826e+00 1.188574117253244911e+00
1.074294589178356851e+00 1.182815073170520925e+00
1.082310220440881876e+00 1.177442865986778386e+00
1.090325851703406901e+00 1.172409720680756884e+00
1.098341482965931926e+00 1.167676871062971466e+00
1.106357114228456950e+00 1.163212300015894929e+00
1.114372745490981975e+00 1.158989171731563683e+00
1.122388376753507000e+00 1.154984710524526559e+00
1.130404008016032247e+00 1.151179378242949802e+00
1.138419639278557272e+00 1.147556257415991210e+00
1.146435270541082296e+00 1.144100579861234479e+00
1.154450901803607321e+00 1.140799360446948407e+00
1.162466533066132346e+00 1.137641108387215327e+00
1.170482164328657371e+00 1.134615596696546769e+00
1.178497795591182395e+00 1.131713675948136100e+00
1.186513426853707420e+00 1.128927122251904169e+00
1.194529058116232445e+00 1.126248511993817480e+00
1.202544689378757692e+00 1.123671117740878467e+00
1.210560320641282717e+00 1.121188821059103446e+00
1.218575951903807741e+00 1.118796038973435270e+00
1.226591583166332766e+00 1.116487661526480268e+00
1.234607214428857791e+00 1.114258998438889758e+00
1.242622845691382816e+00 1.112105733288498044e+00
1.250638476953907841e+00 1.110023883942954814e+00
1.258654108216432865e+00 1.108009768226447145e+00
1.266669739478958112e+00 1.106059973993130496e+00
1.274685370741483137e+00 1.104171332931133565e+00
1.282701002004008162e+00 1.102340897541706610e+00
1.290716633266533186e+00 1.100565920829074118e+00
1.298732264529058211e+00 1.098843838329020883e+00
1.306747895791583236e+00 1.097172252142402105e+00
1.314763527054108261e+00 1.095548916710767484e+00
1.322779158316633286e+00 1.093971726109773224e+00
1.330794789579158310e+00 1.092438702661642225e+00
1.338810420841683557e+00 1.090947986705027573e+00
1.346826052104208582e+00 1.089497827381081363e+00
1.354841683366733607e+00 1.088086574314896415e+00
1.362857314629258632e+00 1.086712670088168853e+00
1.370872945891783656e+00 1.085374643413003826e+00
1.378888577154308681e+00 1.084071102928708896e+00
1.386904208416833706e+00 1.082800731553527074e+00
1.394919839679358731e+00 1.081562281331913677e+00
1.402935470941883978e+00 1.080354568725335973e+00
1.410951102204409002e+00 1.079176470300936108e+00
1.418966733466934027e+00 1.078026918777848620e+00
1.426982364729459052e+00 1.076904899395694226e+00
1.434997995991984077e+00 1.075809446573855910e+00
1.443013627254509101e+00 1.074739640833760612e+00
1.451029258517034126e+00 1.073694605959272907e+00
1.459044889779559151e+00 1.072673506373389207e+00
1.467060521042084176e+00 1.071675544711400585e+00
1.475076152304609423e+00 1.070699959573013338e+00
1.483091783567134447e+00 1.069746023437656124e+00
1.491107414829659472e+00 1.068813040728833652e+00
1.499123046092184497e+00 1.067900346014814206e+00
1.507138677354709522e+00 1.067007302334182839e+00
1.515154308617234546e+00 1.066133299635939835e+00
1.523169939879759571e+00 1.065277753324785470e+00
1.531185571142284596e+00 1.064440102903142726e+00
1.539201202404809621e+00 1.063619810702251200e+00
1.547216833667334868e+00 1.062816360695369333e+00
1.555232464929859892e+00 1.062029257386750913e+00
1.563248096192384917e+00 1.061258024770646013e+00
1.571263727454909942e+00 1.060502205355059013e+00
1.579279358717434967e+00 1.059761359245478873e+00
1.587294989979959992e+00 1.059035063284193168e+00
1.595310621242485016e+00 1.058322910241175308e+00
1.603326252505010041e+00 1.057624508052870560e+00
1.611341883767535288e+00 1.056939479105510893e+00
1.619357515030060313e+00 1.056267459559861566e+00
1.627373146292585337e+00 1.055608098714549969e+00
1.635388777555110362e+00 1.054961058405367691e+00
1.643404408817635387e+00 1.054326012438119076e+00
1.651420040080160412e+00 1.053702646054172076e+00
1.659435671342685437e+00 1.053090655418292831e+00
1.667451302605210461e+00 1.052489747148158683e+00
1.675466933867735486e+00 1.051899637853899838e+00
1.683482565130260733e+00 1.051320053713995728e+00
1.691498196392785758e+00 1.050750730062187221e+00
1.699513827655310783e+00 1.050191411005666042e+00
1.707529458917835807e+00 1.049641849057845855e+00
1.715545090180360832e+00 1.049101804790801840e+00
1.723560721442885857e+00 1.048571046505188065e+00
1.731576352705410882e+00 1.048049349916596373e+00
1.739591983967935906e+00 1.047536497857379789e+00
1.747607615230461153e+00 1.047032279993048043e+00
1.755623246492986178e+00 1.046536492552384789e+00
1.763638877755511203e+00 1.046048938070504031e+00
1.771654509018036228e+00 1.045569425144114994e+00
1.779670140280561252e+00 1.045097768198304244e+00
1.787685771543086277e+00 1.044633787264201086e+00
1.795701402805611302e+00 1.044177307766921414e+00
1.803717034068136327e+00 1.043728160323230014e+00
1.811732665330661352e+00 1.043286180548396169e+00
1.819748296593186598e+00 1.042851208871751201e+00
1.827763927855711623e+00 1.042423090360479865e+00
1.835779559118236648e+00 1.042001674551218393e+00
1.843795190380761673e+00 1.041586815289045731e+00
1.851810821643286697e+00 1.041178370573490719e+00
1.859826452905811722e+00 1.040776202411188178e+00
1.867842084168336747e+00 1.040380176674852164e+00
1.875857715430861772e+00 1.039990162968242871e+00
1.883873346693387019e+00 1.039606034496829645e+00
1.891888977955912043e+00 1.039227667943863009e+00
1.899904609218437068e+00 1.038854943351596116e+00
1.907920240480962093e+00 1.038487744007397184e+00
1.915935871743487118e+00 1.038125956334519540e+00
1.923951503006012143e+00 1.037769469787305443e+00
1.931967134268537167e+00 1.037418176750606769e+00
1.939982765531062192e+00 1.037071972443233125e+00
1.947998396793587217e+00 1.036730754825225143e+00
1.956014028056112464e+00 1.036394424508785272e+00
1.964029659318637488e+00 1.036062884672692030e+00
1.972045290581162513e+00 1.035736040980036243e+00
1.980060921843687538e+00 1.035413801499132536e+00
1.988076553106212563e+00 1.035096076627455508e+00
1.996092184368737588e+00 1.034782779018471821e+00
2.004107815631262834e+00 1.034473823511233848e+00
2.012123446893787637e+00 1.034169127062613214e+00
2.020139078156312884e+00 1.033868608682062318e+00
2.028154709418837687e+00 1.033572189368784144e+00
2.036170340681362934e+00 1.033279792051218005e+00
2.044185971943887736e+00 1.032991341528730844e+00
2.052201603206412983e+00 1.032706764415423306e+00
2.060217234468938230e+00 1.032425989085965723e+00
2.068232865731463033e+00 1.032148945623367231e+00
2.076248496993988280e+00 1.031875565768608061e+00
2.084264128256513082e+00 1.031605782872052623e+00
2.092279759519038329e+00 1.031339531846564350e+00
2.100295390781563132e+00 1.031076749122265213e+00
2.108311022044088379e+00 1.030817372602857329e+00
2.116326653306613181e+00 1.030561341623456251e+00
2.124342284569138428e+00 1.030308596909852881e+00
2.132357915831663675e+00 1.030059080539238670e+00
2.140373547094188478e+00 1.029812735902105869e+00
2.148389178356713725e+00 1.029569507665589079e+00
2.156404809619238527e+00 1.029329341737951875e+00
2.164420440881763774e+00 1.029092185234272261e+00
2.172436072144288577e+00 1.028857986443261208e+00
2.180451703406813824e+00 1.028626694795175656e+00
2.188467334669338626e+00 1.028398260830775790e+00
2.196482965931863873e+00 1.028172636171296617e+00
2.204498597194389120e+00 1.027949773489384766e+00
2.212514228456913923e+00 1.027729626480973879e+00
2.220529859719439170e+00 1.027512149838055278e+00
2.228545490981963972e+00 1.027297299222317051e+00
2.236561122244489219e+00 1.027085031239614921e+00
2.244576753507014022e+00 1.026875303415244467e+00
2.252592384769539269e+00 1.026668074169988731e+00
2.260608016032064516e+00 1.026463302796909449e+00
2.268623647294589318e+00 1.026260949438856374e+00
2.276639278557114565e+00 1.026060975066666714e+00
2.284654909819639368e+00 1.025863341458036482e+00
2.292670541082164615e+00 1.025668011177028438e+00
2.300686172344689417e+00 1.025474947554205984e+00
2.308701803607214664e+00 1.025284114667362578e+00
2.316717434869739467e+00 1.025095477322831128e+00
2.324733066132264714e+00 1.024909001037346945e+00
2.332748697394789961e+00 1.024724652020451376e+00
2.340764328657314763e+00 1.024542397157416129e+00
2.348779959919840010e+00 1.024362203992664533e+00
2.356795591182364813e+00 1.024184040713681298e+00
2.364811222444890060e+00 1.024007876135388129e+00
2.372826853707414863e+00 1.023833679684972298e+00
2.380842484969940109e+00 1.023661421387151327e+00
2.388858116232464912e+00 1.023491071849858880e+00
2.396873747494990159e+00 1.023322602250341440e+00
2.404889378757515406e+00 1.023155984321646672e+00
2.412905010020040208e+00 1.022991190339495926e+00
2.420920641282565455e+00 1.022828193109520667e+00
2.428936272545090258e+00 1.022666965954864171e+00
2.436951903807615505e+00 1.022507482704119841e+00
2.444967535070140308e+00 1.022349717679608583e+00
2.452983166332665554e+00 1.022193645685978369e+00
2.460998797595190357e+00 1.022039241999117332e+00
2.469014428857715604e+00 1.021886482355367276e+00
2.477030060120240851e+00 1.021735342941033631e+00
2.485045691382765654e+00 1.021585800382178499e+00
2.493061322645290900e+00 1.021437831734686608e+00
2.501076953907815703e+00 1.021291414474601922e+00
2.509092585170340950e+00 1.021146526488718731e+00
2.517108216432865753e+00 1.021003146065424971e+00
2.525123847695390999e+00 1.020861251885786247e+00
2.533139478957916246e+00 1.020720823014866552e+00
2.541155110220441049e+00 1.020581838893277471e+00
2.549170741482966296e+00 1.020444279328943438e+00
2.557186372745491099e+00 1.020308124489088142e+00
2.565202004008016345e+00 1.020173354892422113e+00
2.573217635270541148e+00 1.020039951401537248e+00
2.581233266533066395e+00 1.019907895215491855e+00
2.589248897795591198e+00 1.019777167862587985e+00
2.597264529058116445e+00 1.019647751193333063e+00
2.605280160320641691e+00 1.019519627373578485e+00
2.613295791583166494e+00 1.019392778877831862e+00
2.621311422845691741e+00 1.019267188482738451e+00
2.629327054108216544e+00 1.019142839260723354e+00
2.637342685370741791e+00 1.019019714573797142e+00
2.645358316633266593e+00 1.018897798067508687e+00
2.653373947895791840e+00 1.018777073665052324e+00
2.661389579158316643e+00 1.018657525561520449e+00
2.669405210420841890e+00 1.018539138218293116e+00
2.677420841683367136e+00 1.018421896357568857e+00
2.685436472945891939e+00 1.018305784957025839e+00
2.693452104208417186e+00 1.018190789244615146e+00
2.701467735470941989e+00 1.018076894693476842e+00
2.709483366733467236e+00 1.017964087016978825e+00
2.717498997995992038e+00 1.017852352163878704e+00
2.725514629258517285e+00 1.017741676313594024e+00
2.733530260521042088e+00 1.017632045871591728e+00
2.741545891783567335e+00 1.017523447464881547e+00
2.749561523046092582e+00 1.017415867937619289e+00
2.757577154308617384e+00 1.017309294346811388e+00
2.765592785571142631e+00 1.017203713958121147e+00
2.773608416833667434e+00 1.017099114241771574e+00
2.781624048096192681e+00 1.016995482868545686e+00
2.789639679358717483e+00 1.016892807705875867e+00
2.797655310621242730e+00 1.016791076814025807e+00
2.805670941883767977e+00 1.016690278442361706e+00
2.813686573146292780e+00 1.016590401025703416e+00
2.821702204408818027e+00 1.016491433180765513e+00
2.829717835671342829e+00 1.016393363702672747e+00
2.837733466933868076e+00 1.016296181561560319e+00
2.845749098196392879e+00 1.016199875899245431e+00
2.853764729458918126e+00 1.016104436025977886e+00
2.861780360721442928e+00 1.016009851417261967e+00
2.869795991983968175e+00 1.015916111710746472e+00
2.877811623246493422e+00 1.015823206703189152e+00
2.885827254509018225e+00 1.015731126347483526e+00
2.893842885771543472e+00 1.015639860749756096e+00
2.901858517034068274e+00 1.015549400166520178e+00
2.909874148296593521e+00 1.015459735001901675e+00
2.917889779559118324e+00 1.015370855804916150e+00
2.925905410821643571e+00 1.015282753266811833e+00
2.933921042084168374e+00 1.015195418218466816e+00
2.941936673346693620e+00 1.015108841627843095e+00
2.949952304609218867e+00 1.015023014597497442e+00
2.957967935871743670e+00 1.014937928362141140e+00
2.965983567134268917e+00 1.014853574286257443e+00
2.973999198396793719e+00 1.014769943861765666e+00
2.982014829659318966e+00 1.014687028705737459e+00
2.990030460921843769e+00 1.014604820558157927e+00
2.998046092184369016e+00 1.014523311279740492e+00
3.006061723446893819e+00 1.014442492849778832e+00
3.014077354709419065e+00 1.014362357364053446e+00
3.022092985971944312e+00 1.014282897032772190e+00
3.030108617234469115e+00 1.014204104178562771e+00
3.038124248496994362e+00 1.014125971234500101e+00
3.046139879759519165e+00 1.014048490742178066e+00
3.054155511022044411e+00 1.013971655349820145e+00
3.062171142284569214e+00 1.013895457810428447e+00
3.070186773547094461e+00 1.013819890979970939e+00
3.078202404809619264e+00 1.013744947815604647e+00
3.086218036072144510e+00 1.013670621373938596e+00
3.094233667334669757e+00 1.013596904809327404e+00
3.102249298597194560e+00 1.013523791372201721e+00
3.110264929859719807e+00 1.013451274407431546e+00
3.118280561122244610e+00 1.013379347352724391e+00
3.126296192384769856e+00 1.013308003737052099e+00
3.134311823647294659e+00 1.013237237179111849e+00
3.142327454909819906e+00 1.013167041385817591e+00
3.150343086172345153e+00 1.013097410150818778e+00
3.158358717434869956e+00 1.013028337353051977e+00
3.166374348697395202e+00 1.012959816955318448e+00
3.174389979959920005e+00 1.012891843002890591e+00
3.182405611222445252e+00 1.012824409622146815e+00
3.190421242484970055e+00 1.012757511019229062e+00
3.198436873747495302e+00 1.012691141478732959e+00
3.206452505010020104e+00 1.012625295362416855e+00
3.214468136272545351e+00 1.012559967107940162e+00
3.222483767535070598e+00 1.012495151227623902e+00
3.230499398797595401e+00 1.012430842307236345e+00
3.238515030060120647e+00 1.012367035004800853e+00
3.246530661322645450e+00 1.012303724049427256e+00
3.254546292585170697e+00 1.012240904240165218e+00
3.262561923847695500e+00 1.012178570444879799e+00
3.270577555110220747e+00 1.012116717599146787e+00
3.278593186372745549e+00 1.012055340705171780e+00
3.286608817635270796e+00 1.011994434830726375e+00
3.294624448897796043e+00 1.011933995108106776e+00
3.302640080160320846e+00 1.011874016733110615e+00
3.310655711422846093e+00 1.011814494964033528e+00
3.318671342685370895e+00 1.011755425120683727e+00
3.326686973947896142e+00 1.011696802583415433e+00
3.334702605210420945e+00 1.011638622792180309e+00
3.342718236472946192e+00 1.011580881245595975e+00
3.350733867735470994e+00 1.011523573500031414e+00
3.358749498997996241e+00 1.011466695168709462e+00
3.366765130260521488e+00 1.011410241920827513e+00
3.374780761523046291e+00 1.011354209480689992e+00
3.382796392785571538e+00 1.011298593626860809e+00
3.390812024048096340e+00 1.011243390191328917e+00
3.398827655310621587e+00 1.011188595058690520e+00
3.406843286573146390e+00 1.011134204165343276e+00
3.414858917835671637e+00 1.011080213498698699e+00
3.422874549098196884e+00 1.011026619096406343e+00
3.430890180360721686e+00 1.010973417045590628e+00
3.438905811623246933e+00 1.010920603482105662e+00
3.446921442885771736e+00 1.010868174589799606e+00
3.454937074148296983e+00 1.010816126599791032e+00
3.462952705410821785e+00 1.010764455789763483e+00
3.470968336673347032e+00 1.010713158483267593e+00
3.478983967935871835e+00 1.010662231049037185e+00
3.486999599198397082e+00 1.010611669900315368e+00
3.495015230460922329e+00 1.010561471494198837e+00
3.503030861723447131e+00 1.010511632330983955e+00
3.511046492985972378e+00 1.010462148953533257e+00
3.519062124248497181e+00 1.010413017946646841e+00
3.527077755511022428e+00 1.010364235936446864e+00
3.535093386773547230e+00 1.010315799589773800e+00
3.543109018036072477e+00 1.010267705613591582e+00
3.551124649298597280e+00 1.010219950754402074e+00
3.559140280561122527e+00 1.010172531797672191e+00
3.567155911823647774e+00 1.010125445567268798e+00
3.575171543086172576e+00 1.010078688924903823e+00
3.583187174348697823e+00 1.010032258769588909e+00
3.591202805611222626e+00 1.009986152037099405e+00
3.599218436873747873e+00 1.009940365699447007e+00
3.607234068136272676e+00 1.009894896764360839e+00
3.615249699398797922e+00 1.009849742274778972e+00
3.623265330661322725e+00 1.009804899308347492e+00
3.631280961923847972e+00 1.009760364976926672e+00
3.639296593186373219e+00 1.009716136426107358e+00
3.647312224448898021e+00 1.009672210834735129e+00
3.655327855711423268e+00 1.009628585414440449e+00
3.663343486973948071e+00 1.009585257409179260e+00
3.671359118236473318e+00 1.009542224094780005e+00
3.679374749498998121e+00 1.009499482778496438e+00
3.687390380761523367e+00 1.009457030798571298e+00
3.695406012024048614e+00 1.009414865523803773e+00
3.703421643286573417e+00 1.009372984353125613e+00
3.711437274549098664e+00 1.009331384715185687e+00
3.719452905811623467e+00 1.009290064067936754e+00
3.727468537074148713e+00 1.009249019898234456e+00
3.735484168336673516e+00 1.009208249721438300e+00
3.743499799599198763e+00 1.009167751081021747e+00
3.751515430861723566e+00 1.009127521548188078e+00
3.759531062124248812e+00 1.009087558721490474e+00
3.767546693386774059e+00 1.009047860226462090e+00
3.775562324649298862e+00 1.009008423715248792e+00
3.783577955911824109e+00 1.008969246866247227e+00
3.791593587174348912e+00 1.008930327383753323e+00
3.799609218436874158e+00 1.008891662997609906e+00
3.807624849699398961e+00 1.008853251462864975e+00
3.815640480961924208e+00 1.008815090559433969e+00
3.823656112224449011e+00 1.008777178091766480e+00
3.831671743486974258e+00 1.008739511888516738e+00
3.839687374749499504e+00 1.008702089802224533e+00
3.847703006012024307e+00 1.008664909708995694e+00
3.855718637274549554e+00 1.008627969508190780e+00
3.863734268537074357e+00 1.008591267122115998e+00
3.871749899799599604e+00 1.008554800495722770e+00
3.879765531062124406e+00 1.008518567596306648e+00
3.887781162324649653e+00 1.008482566413216652e+00
3.895796793587174456e+00 1.008446794957564618e+00
3.903812424849699703e+00 1.008411251261941866e+00
3.911828056112224949e+00 1.008375933380137202e+00
3.919843687374749752e+00 1.008340839386862919e+00
3.927859318637274999e+00 1.008305967377482570e+00
3.935874949899799802e+00 1.008271315467743401e+00
3.943890581162325049e+00 1.008236881793511897e+00
3.951906212424849851e+00 1.008202664510516877e+00
3.959921843687375098e+00 1.008168661794091481e+00
3.967937474949900345e+00 1.008134871838922475e+00
3.975953106212425148e+00 1.008101292858802678e+00
3.983968737474950395e+00 1.008067923086386264e+00
3.991984368737475197e+00 1.008034760772948957e+00
4.000000000000000000e+00 1.008001804188150441e+00
